2.511180e+05	3.372910e+06
2.511178e+05	3.372910e+06
2.511178e+05	3.372910e+06
2.511178e+05	3.372910e+06
2.511176e+05	3.372909e+06
2.511176e+05	3.372909e+06
2.511178e+05	3.372910e+06
2.511181e+05	3.372910e+06
2.511183e+05	3.372910e+06
2.511185e+05	3.372910e+06
2.511186e+05	3.372910e+06
2.511189e+05	3.372910e+06
2.511191e+05	3.372910e+06
2.511193e+05	3.372911e+06
2.511191e+05	3.372911e+06
2.511189e+05	3.372911e+06
2.511186e+05	3.372911e+06
2.511185e+05	3.372911e+06
2.511188e+05	3.372911e+06
2.511193e+05	3.372911e+06
2.511199e+05	3.372911e+06
2.511206e+05	3.372912e+06
2.511211e+05	3.372913e+06
2.511224e+05	3.372913e+06
2.511245e+05	3.372913e+06
2.511253e+05	3.372914e+06
2.511259e+05	3.372914e+06
2.511262e+05	3.372914e+06
2.511267e+05	3.372915e+06
2.511272e+05	3.372915e+06
2.511280e+05	3.372915e+06
2.511287e+05	3.372916e+06
2.511293e+05	3.372917e+06
2.511307e+05	3.372918e+06
2.511323e+05	3.372919e+06
2.511343e+05	3.372921e+06
2.511370e+05	3.372924e+06
2.511392e+05	3.372927e+06
2.511412e+05	3.372930e+06
2.511429e+05	3.372933e+06
2.511439e+05	3.372938e+06
2.511440e+05	3.372942e+06
2.511432e+05	3.372946e+06
2.511393e+05	3.372952e+06
2.511351e+05	3.372958e+06
2.511299e+05	3.372964e+06
2.511256e+05	3.372969e+06
2.511217e+05	3.372973e+06
2.511176e+05	3.372977e+06
2.511132e+05	3.372982e+06
2.511088e+05	3.372986e+06
2.511059e+05	3.372990e+06
2.511038e+05	3.372997e+06
2.511002e+05	3.373002e+06
2.510960e+05	3.373007e+06
2.510917e+05	3.373014e+06
2.510876e+05	3.373024e+06
2.510825e+05	3.373033e+06
2.510771e+05	3.373042e+06
2.510721e+05	3.373053e+06
2.510660e+05	3.373065e+06
2.510618e+05	3.373078e+06
2.510584e+05	3.373091e+06
2.510533e+05	3.373100e+06
2.510476e+05	3.373110e+06
2.510419e+05	3.373120e+06
2.510365e+05	3.373130e+06
2.510316e+05	3.373140e+06
2.510261e+05	3.373149e+06
2.510211e+05	3.373157e+06
2.510157e+05	3.373164e+06
2.510103e+05	3.373171e+06
2.510062e+05	3.373181e+06
2.510027e+05	3.373191e+06
2.509984e+05	3.373199e+06
2.509949e+05	3.373207e+06
2.509912e+05	3.373214e+06
2.509878e+05	3.373220e+06
2.509843e+05	3.373226e+06
2.509814e+05	3.373231e+06
2.509784e+05	3.373235e+06
2.509760e+05	3.373239e+06
2.509743e+05	3.373243e+06
2.509718e+05	3.373246e+06
2.509715e+05	3.373249e+06
2.509725e+05	3.373251e+06
2.509739e+05	3.373253e+06
2.509755e+05	3.373254e+06
2.509769e+05	3.373254e+06
2.509782e+05	3.373254e+06
2.509797e+05	3.373254e+06
2.509822e+05	3.373255e+06
2.509855e+05	3.373256e+06
2.509900e+05	3.373257e+06
2.509956e+05	3.373259e+06
2.510024e+05	3.373260e+06
2.510107e+05	3.373262e+06
2.510207e+05	3.373262e+06
2.510313e+05	3.373264e+06
2.510417e+05	3.373265e+06
2.510526e+05	3.373266e+06
2.510642e+05	3.373268e+06
2.510767e+05	3.373270e+06
2.510891e+05	3.373272e+06
2.511020e+05	3.373274e+06
2.511150e+05	3.373277e+06
2.511282e+05	3.373279e+06
2.511412e+05	3.373281e+06
2.511539e+05	3.373283e+06
2.511669e+05	3.373285e+06
2.511793e+05	3.373287e+06
2.511918e+05	3.373288e+06
2.512041e+05	3.373290e+06
2.512155e+05	3.373292e+06
2.512266e+05	3.373294e+06
2.512377e+05	3.373296e+06
2.512483e+05	3.373297e+06
2.512592e+05	3.373298e+06
2.512701e+05	3.373299e+06
2.512810e+05	3.373302e+06
2.512918e+05	3.373305e+06
2.513026e+05	3.373307e+06
2.513131e+05	3.373309e+06
2.513232e+05	3.373311e+06
2.513337e+05	3.373313e+06
2.513446e+05	3.373316e+06
2.513559e+05	3.373319e+06
2.513672e+05	3.373322e+06
2.513785e+05	3.373325e+06
2.513893e+05	3.373328e+06
2.514004e+05	3.373331e+06
2.514121e+05	3.373334e+06
2.514245e+05	3.373336e+06
2.514374e+05	3.373338e+06
2.514504e+05	3.373340e+06
2.514639e+05	3.373343e+06
2.514771e+05	3.373345e+06
2.514903e+05	3.373348e+06
2.515035e+05	3.373350e+06
2.515170e+05	3.373353e+06
2.515308e+05	3.373355e+06
2.515448e+05	3.373357e+06
2.515589e+05	3.373358e+06
2.515732e+05	3.373360e+06
2.515880e+05	3.373362e+06
2.516026e+05	3.373363e+06
2.516170e+05	3.373364e+06
2.516318e+05	3.373364e+06
2.516467e+05	3.373365e+06
2.516617e+05	3.373365e+06
2.516772e+05	3.373364e+06
2.516931e+05	3.373363e+06
2.517090e+05	3.373361e+06
2.517253e+05	3.373359e+06
2.517421e+05	3.373358e+06
2.517594e+05	3.373356e+06
2.517768e+05	3.373355e+06
2.517952e+05	3.373354e+06
2.518136e+05	3.373353e+06
2.518315e+05	3.373351e+06
2.518488e+05	3.373350e+06
2.518656e+05	3.373349e+06
2.518825e+05	3.373348e+06
2.518987e+05	3.373349e+06
2.519141e+05	3.373351e+06
2.519278e+05	3.373355e+06
2.519411e+05	3.373360e+06
2.519529e+05	3.373367e+06
2.519632e+05	3.373376e+06
2.519716e+05	3.373386e+06
2.519789e+05	3.373397e+06
2.519850e+05	3.373409e+06
2.519894e+05	3.373421e+06
2.519927e+05	3.373434e+06
2.519945e+05	3.373448e+06
2.519932e+05	3.373462e+06
2.519896e+05	3.373477e+06
2.519836e+05	3.373491e+06
2.519761e+05	3.373506e+06
2.519672e+05	3.373520e+06
2.519567e+05	3.373534e+06
2.519450e+05	3.373546e+06
2.519327e+05	3.373559e+06
2.519201e+05	3.373571e+06
2.519074e+05	3.373584e+06
2.518944e+05	3.373596e+06
2.518814e+05	3.373609e+06
2.518691e+05	3.373622e+06
2.518574e+05	3.373636e+06
2.518466e+05	3.373649e+06
2.518362e+05	3.373663e+06
2.518276e+05	3.373677e+06
2.518206e+05	3.373692e+06
2.518155e+05	3.373707e+06
2.518129e+05	3.373722e+06
2.518115e+05	3.373738e+06
2.518108e+05	3.373753e+06
2.518101e+05	3.373769e+06
2.518095e+05	3.373785e+06
2.518088e+05	3.373800e+06
2.518080e+05	3.373816e+06
2.518077e+05	3.373832e+06
2.518078e+05	3.373848e+06
2.518080e+05	3.373864e+06
2.518080e+05	3.373879e+06
2.518081e+05	3.373895e+06
2.518079e+05	3.373911e+06
2.518078e+05	3.373926e+06
2.518079e+05	3.373942e+06
2.518079e+05	3.373958e+06
2.518080e+05	3.373975e+06
2.518082e+05	3.373992e+06
2.518084e+05	3.374009e+06
2.518084e+05	3.374028e+06
2.518088e+05	3.374046e+06
2.518089e+05	3.374064e+06
2.518090e+05	3.374083e+06
2.518094e+05	3.374102e+06
2.518109e+05	3.374122e+06
2.518111e+05	3.374141e+06
2.518116e+05	3.374161e+06
2.518119e+05	3.374181e+06
2.518122e+05	3.374200e+06
2.518125e+05	3.374220e+06
2.518127e+05	3.374239e+06
2.518133e+05	3.374258e+06
2.518142e+05	3.374277e+06
2.518150e+05	3.374295e+06
2.518154e+05	3.374314e+06
2.518165e+05	3.374333e+06
2.518179e+05	3.374352e+06
2.518195e+05	3.374372e+06
2.518211e+05	3.374393e+06
2.518227e+05	3.374414e+06
2.518246e+05	3.374434e+06
2.518265e+05	3.374455e+06
2.518286e+05	3.374475e+06
2.518310e+05	3.374496e+06
2.518335e+05	3.374517e+06
2.518368e+05	3.374539e+06
2.518398e+05	3.374561e+06
2.518429e+05	3.374583e+06
2.518461e+05	3.374604e+06
2.518496e+05	3.374626e+06
2.518528e+05	3.374647e+06
2.518562e+05	3.374669e+06
2.518593e+05	3.374690e+06
2.518625e+05	3.374711e+06
2.518655e+05	3.374732e+06
2.518685e+05	3.374753e+06
2.518711e+05	3.374774e+06
2.518737e+05	3.374794e+06
2.518759e+05	3.374815e+06
2.518781e+05	3.374836e+06
2.518804e+05	3.374857e+06
2.518828e+05	3.374878e+06
2.518848e+05	3.374898e+06
2.518869e+05	3.374919e+06
2.518885e+05	3.374938e+06
2.518907e+05	3.374958e+06
2.518929e+05	3.374977e+06
2.518954e+05	3.374996e+06
2.518978e+05	3.375015e+06
2.519000e+05	3.375033e+06
2.519021e+05	3.375051e+06
2.519045e+05	3.375069e+06
2.519069e+05	3.375087e+06
2.519094e+05	3.375105e+06
2.519119e+05	3.375123e+06
2.519141e+05	3.375140e+06
2.519161e+05	3.375158e+06
2.519181e+05	3.375176e+06
2.519203e+05	3.375194e+06
2.519226e+05	3.375211e+06
2.519248e+05	3.375229e+06
2.519271e+05	3.375247e+06
2.519296e+05	3.375265e+06
2.519319e+05	3.375283e+06
2.519341e+05	3.375301e+06
2.519366e+05	3.375319e+06
2.519391e+05	3.375337e+06
2.519418e+05	3.375356e+06
2.519439e+05	3.375374e+06
2.519463e+05	3.375392e+06
2.519481e+05	3.375410e+06
2.519498e+05	3.375428e+06
2.519513e+05	3.375445e+06
2.519530e+05	3.375463e+06
2.519545e+05	3.375480e+06
2.519559e+05	3.375497e+06
2.519577e+05	3.375514e+06
2.519591e+05	3.375531e+06
2.519603e+05	3.375548e+06
2.519611e+05	3.375565e+06
2.519622e+05	3.375582e+06
2.519632e+05	3.375600e+06
2.519644e+05	3.375617e+06
2.519656e+05	3.375635e+06
2.519668e+05	3.375653e+06
2.519682e+05	3.375671e+06
2.519693e+05	3.375689e+06
2.519706e+05	3.375707e+06
2.519717e+05	3.375725e+06
2.519727e+05	3.375742e+06
2.519737e+05	3.375760e+06
2.519746e+05	3.375777e+06
2.519756e+05	3.375793e+06
2.519766e+05	3.375809e+06
2.519773e+05	3.375825e+06
2.519781e+05	3.375839e+06
2.519788e+05	3.375853e+06
2.519796e+05	3.375867e+06
2.519803e+05	3.375880e+06
2.519811e+05	3.375893e+06
2.519821e+05	3.375907e+06
2.519830e+05	3.375920e+06
2.519838e+05	3.375933e+06
2.519846e+05	3.375946e+06
2.519852e+05	3.375959e+06
2.519858e+05	3.375972e+06
2.519864e+05	3.375985e+06
2.519871e+05	3.375999e+06
2.519881e+05	3.376014e+06
2.519890e+05	3.376028e+06
2.519898e+05	3.376042e+06
2.519909e+05	3.376056e+06
2.519919e+05	3.376070e+06
2.519930e+05	3.376085e+06
2.519943e+05	3.376100e+06
2.519958e+05	3.376115e+06
2.519976e+05	3.376130e+06
2.519995e+05	3.376144e+06
2.520013e+05	3.376159e+06
2.520031e+05	3.376175e+06
2.520051e+05	3.376191e+06
2.520069e+05	3.376208e+06
2.520089e+05	3.376225e+06
2.520112e+05	3.376241e+06
2.520132e+05	3.376258e+06
2.520153e+05	3.376274e+06
2.520173e+05	3.376291e+06
2.520193e+05	3.376307e+06
2.520214e+05	3.376323e+06
2.520235e+05	3.376339e+06
2.520256e+05	3.376354e+06
2.520278e+05	3.376370e+06
2.520300e+05	3.376386e+06
2.520318e+05	3.376402e+06
2.520341e+05	3.376418e+06
2.520359e+05	3.376434e+06
2.520381e+05	3.376449e+06
2.520402e+05	3.376466e+06
2.520426e+05	3.376482e+06
2.520449e+05	3.376498e+06
2.520474e+05	3.376514e+06
2.520497e+05	3.376530e+06
2.520516e+05	3.376546e+06
2.520539e+05	3.376563e+06
2.520562e+05	3.376579e+06
2.520585e+05	3.376596e+06
2.520608e+05	3.376612e+06
2.520630e+05	3.376628e+06
2.520653e+05	3.376645e+06
2.520676e+05	3.376662e+06
2.520699e+05	3.376678e+06
2.520720e+05	3.376695e+06
2.520743e+05	3.376713e+06
2.520768e+05	3.376730e+06
2.520791e+05	3.376747e+06
2.520813e+05	3.376765e+06
2.520840e+05	3.376783e+06
2.520869e+05	3.376800e+06
2.520902e+05	3.376818e+06
2.520928e+05	3.376836e+06
2.520949e+05	3.376854e+06
2.520972e+05	3.376873e+06
2.520994e+05	3.376892e+06
2.521018e+05	3.376911e+06
2.521041e+05	3.376930e+06
2.521059e+05	3.376949e+06
2.521081e+05	3.376969e+06
2.521103e+05	3.376989e+06
2.521125e+05	3.377008e+06
2.521149e+05	3.377028e+06
2.521169e+05	3.377048e+06
2.521195e+05	3.377068e+06
2.521221e+05	3.377088e+06
2.521248e+05	3.377107e+06
2.521272e+05	3.377127e+06
2.521291e+05	3.377146e+06
2.521308e+05	3.377165e+06
2.521340e+05	3.377184e+06
2.521368e+05	3.377202e+06
2.521398e+05	3.377222e+06
2.521425e+05	3.377241e+06
2.521452e+05	3.377261e+06
2.521474e+05	3.377281e+06
2.521494e+05	3.377300e+06
2.521521e+05	3.377319e+06
2.521545e+05	3.377339e+06
2.521569e+05	3.377359e+06
2.521589e+05	3.377379e+06
2.521613e+05	3.377398e+06
2.521641e+05	3.377418e+06
2.521671e+05	3.377437e+06
2.521700e+05	3.377456e+06
2.521722e+05	3.377475e+06
2.521747e+05	3.377495e+06
2.521774e+05	3.377514e+06
2.521804e+05	3.377532e+06
2.521830e+05	3.377551e+06
2.521857e+05	3.377569e+06
2.521883e+05	3.377587e+06
2.521907e+05	3.377606e+06
2.521930e+05	3.377624e+06
2.521952e+05	3.377643e+06
2.521976e+05	3.377662e+06
2.522001e+05	3.377681e+06
2.522034e+05	3.377700e+06
2.522066e+05	3.377720e+06
2.522102e+05	3.377740e+06
2.522136e+05	3.377760e+06
2.522164e+05	3.377780e+06
2.522185e+05	3.377800e+06
2.522204e+05	3.377821e+06
2.522220e+05	3.377841e+06
2.522239e+05	3.377861e+06
2.522264e+05	3.377880e+06
2.522285e+05	3.377899e+06
2.522310e+05	3.377917e+06
2.522333e+05	3.377936e+06
2.522355e+05	3.377954e+06
2.522376e+05	3.377972e+06
2.522398e+05	3.377990e+06
2.522420e+05	3.378007e+06
2.522443e+05	3.378025e+06
2.522470e+05	3.378043e+06
2.522496e+05	3.378060e+06
2.522514e+05	3.378078e+06
2.522533e+05	3.378095e+06
2.522553e+05	3.378112e+06
2.522576e+05	3.378130e+06
2.522593e+05	3.378148e+06
2.522607e+05	3.378167e+06
2.522624e+05	3.378185e+06
2.522644e+05	3.378204e+06
2.522679e+05	3.378222e+06
2.522720e+05	3.378241e+06
2.522756e+05	3.378260e+06
2.522787e+05	3.378281e+06
2.522815e+05	3.378301e+06
2.522842e+05	3.378321e+06
2.522871e+05	3.378341e+06
2.522901e+05	3.378362e+06
2.522938e+05	3.378382e+06
2.522985e+05	3.378401e+06
2.523030e+05	3.378420e+06
2.523082e+05	3.378439e+06
2.523139e+05	3.378457e+06
2.523197e+05	3.378475e+06
2.523254e+05	3.378493e+06
2.523312e+05	3.378512e+06
2.523373e+05	3.378530e+06
2.523453e+05	3.378548e+06
2.523540e+05	3.378566e+06
2.523610e+05	3.378584e+06
2.523673e+05	3.378602e+06
2.523732e+05	3.378619e+06
2.523785e+05	3.378637e+06
2.523844e+05	3.378654e+06
2.523912e+05	3.378671e+06
2.523980e+05	3.378689e+06
2.524046e+05	3.378706e+06
2.524111e+05	3.378725e+06
2.524179e+05	3.378742e+06
2.524246e+05	3.378760e+06
2.524307e+05	3.378777e+06
2.524367e+05	3.378794e+06
2.524430e+05	3.378810e+06
2.524496e+05	3.378826e+06
2.524559e+05	3.378842e+06
2.524620e+05	3.378858e+06
2.524683e+05	3.378874e+06
2.524743e+05	3.378889e+06
2.524802e+05	3.378904e+06
2.524861e+05	3.378919e+06
2.524916e+05	3.378933e+06
2.524975e+05	3.378948e+06
2.525031e+05	3.378962e+06
2.525092e+05	3.378977e+06
2.525148e+05	3.378991e+06
2.525208e+05	3.379006e+06
2.525272e+05	3.379021e+06
2.525335e+05	3.379037e+06
2.525401e+05	3.379053e+06
2.525464e+05	3.379068e+06
2.525522e+05	3.379084e+06
2.525583e+05	3.379099e+06
2.525644e+05	3.379114e+06
2.525698e+05	3.379128e+06
2.525753e+05	3.379142e+06
2.525807e+05	3.379156e+06
2.525858e+05	3.379170e+06
2.525910e+05	3.379184e+06
2.525961e+05	3.379198e+06
2.526010e+05	3.379212e+06
2.526057e+05	3.379226e+06
2.526102e+05	3.379241e+06
2.526149e+05	3.379257e+06
2.526200e+05	3.379272e+06
2.526247e+05	3.379287e+06
2.526288e+05	3.379303e+06
2.526322e+05	3.379319e+06
2.526357e+05	3.379335e+06
2.526391e+05	3.379350e+06
2.526415e+05	3.379365e+06
2.526438e+05	3.379381e+06
2.526458e+05	3.379397e+06
2.526474e+05	3.379413e+06
2.526489e+05	3.379428e+06
2.526505e+05	3.379443e+06
2.526521e+05	3.379458e+06
2.526539e+05	3.379473e+06
2.526554e+05	3.379488e+06
2.526560e+05	3.379503e+06
2.526564e+05	3.379519e+06
2.526573e+05	3.379535e+06
2.526586e+05	3.379552e+06
2.526601e+05	3.379569e+06
2.526618e+05	3.379587e+06
2.526637e+05	3.379606e+06
2.526657e+05	3.379625e+06
2.526679e+05	3.379644e+06
2.526700e+05	3.379663e+06
2.526718e+05	3.379682e+06
2.526745e+05	3.379701e+06
2.526772e+05	3.379721e+06
2.526797e+05	3.379740e+06
2.526827e+05	3.379761e+06
2.526853e+05	3.379781e+06
2.526877e+05	3.379800e+06
2.526900e+05	3.379820e+06
2.526923e+05	3.379841e+06
2.526945e+05	3.379861e+06
2.526967e+05	3.379881e+06
2.526989e+05	3.379900e+06
2.527016e+05	3.379919e+06
2.527044e+05	3.379939e+06
2.527074e+05	3.379958e+06
2.527104e+05	3.379977e+06
2.527137e+05	3.379996e+06
2.527174e+05	3.380016e+06
2.527210e+05	3.380035e+06
2.527248e+05	3.380055e+06
2.527287e+05	3.380075e+06
2.527325e+05	3.380094e+06
2.527363e+05	3.380114e+06
2.527397e+05	3.380133e+06
2.527431e+05	3.380152e+06
2.527462e+05	3.380170e+06
2.527495e+05	3.380189e+06
2.527528e+05	3.380208e+06
2.527558e+05	3.380226e+06
2.527588e+05	3.380245e+06
2.527613e+05	3.380263e+06
2.527632e+05	3.380282e+06
2.527544e+05	3.380521e+06
2.527457e+05	3.380541e+06
2.527467e+05	3.380564e+06
2.527397e+05	3.380578e+06
2.527353e+05	3.380595e+06
2.527316e+05	3.380612e+06
2.525877e+05	3.380833e+06
2.525583e+05	3.380836e+06
2.525454e+05	3.380846e+06
2.525361e+05	3.380857e+06
2.525232e+05	3.380867e+06
2.525100e+05	3.380876e+06
2.524976e+05	3.380887e+06
2.524842e+05	3.380896e+06
2.524714e+05	3.380906e+06
2.524579e+05	3.380915e+06
2.524445e+05	3.380924e+06
2.524313e+05	3.380933e+06
2.524179e+05	3.380942e+06
2.524048e+05	3.380950e+06
2.523910e+05	3.380959e+06
2.523775e+05	3.380969e+06
2.523641e+05	3.380977e+06
2.523508e+05	3.380986e+06
2.523376e+05	3.380994e+06
2.523240e+05	3.381003e+06
2.523108e+05	3.381012e+06
2.522974e+05	3.381020e+06
2.522838e+05	3.381029e+06
2.522701e+05	3.381038e+06
2.522565e+05	3.381047e+06
2.522430e+05	3.381056e+06
2.522294e+05	3.381064e+06
2.522158e+05	3.381073e+06
2.522024e+05	3.381082e+06
2.521890e+05	3.381091e+06
2.521755e+05	3.381099e+06
2.521621e+05	3.381108e+06
2.521488e+05	3.381116e+06
2.521353e+05	3.381125e+06
2.521219e+05	3.381134e+06
2.521086e+05	3.381143e+06
2.520955e+05	3.381151e+06
2.520821e+05	3.381160e+06
2.520689e+05	3.381169e+06
2.520559e+05	3.381177e+06
2.520430e+05	3.381185e+06
2.520302e+05	3.381193e+06
2.520176e+05	3.381201e+06
2.520050e+05	3.381209e+06
2.519929e+05	3.381217e+06
2.519806e+05	3.381225e+06
2.519687e+05	3.381233e+06
2.519564e+05	3.381241e+06
2.519440e+05	3.381250e+06
2.519318e+05	3.381258e+06
2.519194e+05	3.381265e+06
2.519069e+05	3.381274e+06
2.518945e+05	3.381282e+06
2.518819e+05	3.381290e+06
2.518691e+05	3.381298e+06
2.518563e+05	3.381306e+06
2.518432e+05	3.381315e+06
2.518298e+05	3.381323e+06
2.518163e+05	3.381332e+06
2.518027e+05	3.381341e+06
2.517887e+05	3.381350e+06
2.517745e+05	3.381359e+06
2.517607e+05	3.381368e+06
2.517470e+05	3.381376e+06
2.485328e+05	3.386556e+06
2.485182e+05	3.386554e+06
2.485179e+05	3.386561e+06
2.485190e+05	3.386566e+06
2.485123e+05	3.386568e+06
2.485053e+05	3.386569e+06
2.485009e+05	3.386569e+06
2.484976e+05	3.386570e+06
2.484941e+05	3.386570e+06
2.484919e+05	3.386570e+06
2.484895e+05	3.386571e+06
2.484867e+05	3.386571e+06
2.484826e+05	3.386571e+06
2.484778e+05	3.386572e+06
2.484719e+05	3.386572e+06
2.484650e+05	3.386573e+06
2.484595e+05	3.386574e+06
2.484544e+05	3.386575e+06
2.484499e+05	3.386576e+06
2.484452e+05	3.386578e+06
2.484402e+05	3.386579e+06
2.484350e+05	3.386580e+06
2.484293e+05	3.386582e+06
2.484235e+05	3.386583e+06
2.484186e+05	3.386584e+06
2.484141e+05	3.386585e+06
2.484103e+05	3.386585e+06
2.484059e+05	3.386587e+06
2.484011e+05	3.386587e+06
2.483955e+05	3.386588e+06
2.483899e+05	3.386589e+06
2.483832e+05	3.386590e+06
2.483757e+05	3.386592e+06
2.483678e+05	3.386593e+06
2.483585e+05	3.386594e+06
2.483493e+05	3.386596e+06
2.483404e+05	3.386598e+06
2.483313e+05	3.386600e+06
2.483222e+05	3.386602e+06
2.483130e+05	3.386604e+06
2.483039e+05	3.386606e+06
2.482949e+05	3.386609e+06
2.482860e+05	3.386611e+06
2.482774e+05	3.386613e+06
2.482685e+05	3.386615e+06
2.482602e+05	3.386617e+06
2.482516e+05	3.386618e+06
2.482435e+05	3.386620e+06
2.482355e+05	3.386623e+06
2.482270e+05	3.386625e+06
2.482176e+05	3.386628e+06
2.482081e+05	3.386631e+06
2.481981e+05	3.386634e+06
2.481879e+05	3.386637e+06
2.481777e+05	3.386638e+06
2.481681e+05	3.386641e+06
2.481581e+05	3.386642e+06
2.481475e+05	3.386646e+06
2.481368e+05	3.386650e+06
2.481264e+05	3.386654e+06
2.481164e+05	3.386657e+06
2.481067e+05	3.386661e+06
2.480983e+05	3.386663e+06
2.480905e+05	3.386667e+06
2.480850e+05	3.386671e+06
2.480805e+05	3.386675e+06
2.480775e+05	3.386678e+06
2.480758e+05	3.386679e+06
2.480750e+05	3.386680e+06
2.480747e+05	3.386680e+06
2.480745e+05	3.386680e+06
2.480742e+05	3.386681e+06
2.480742e+05	3.386681e+06
2.480742e+05	3.386681e+06
2.480742e+05	3.386681e+06
2.480742e+05	3.386681e+06
2.480742e+05	3.386681e+06
2.480742e+05	3.386681e+06
2.480742e+05	3.386681e+06
2.480741e+05	3.386681e+06
2.480734e+05	3.386682e+06
2.480730e+05	3.386683e+06
2.480725e+05	3.386683e+06
2.480714e+05	3.386685e+06
2.480693e+05	3.386688e+06
2.480668e+05	3.386692e+06
2.480634e+05	3.386697e+06
2.480600e+05	3.386703e+06
2.480565e+05	3.386709e+06
2.480531e+05	3.386716e+06
2.480502e+05	3.386723e+06
2.480482e+05	3.386732e+06
2.480460e+05	3.386741e+06
2.480437e+05	3.386751e+06
2.480411e+05	3.386762e+06
2.480384e+05	3.386772e+06
2.480355e+05	3.386783e+06
2.480324e+05	3.386794e+06
2.480296e+05	3.386805e+06
2.480272e+05	3.386817e+06
2.480249e+05	3.386828e+06
2.480224e+05	3.386840e+06
2.480190e+05	3.386851e+06
2.480159e+05	3.386863e+06
2.480127e+05	3.386876e+06
2.480092e+05	3.386890e+06
2.480057e+05	3.386903e+06
2.480020e+05	3.386917e+06
2.479981e+05	3.386931e+06
2.479946e+05	3.386944e+06
2.479915e+05	3.386956e+06
2.479881e+05	3.386967e+06
2.479844e+05	3.386978e+06
2.479792e+05	3.386987e+06
2.479728e+05	3.386994e+06
2.479655e+05	3.386997e+06
2.479570e+05	3.386999e+06
2.479497e+05	3.387001e+06
2.479424e+05	3.387002e+06
2.479335e+05	3.386999e+06
2.479211e+05	3.386976e+06
2.479154e+05	3.386965e+06
2.479159e+05	3.386955e+06
2.479188e+05	3.386945e+06
2.479236e+05	3.386936e+06
2.479291e+05	3.386926e+06
2.479341e+05	3.386916e+06
2.479381e+05	3.386906e+06
2.479434e+05	3.386895e+06
2.479472e+05	3.386884e+06
2.479496e+05	3.386873e+06
2.479513e+05	3.386862e+06
2.479533e+05	3.386851e+06
2.479560e+05	3.386839e+06
2.479599e+05	3.386828e+06
2.479644e+05	3.386816e+06
2.479683e+05	3.386804e+06
2.479727e+05	3.386793e+06
2.479768e+05	3.386782e+06
2.479805e+05	3.386772e+06
2.479837e+05	3.386762e+06
2.479868e+05	3.386753e+06
2.479903e+05	3.386744e+06
2.479892e+05	3.386732e+06
2.479911e+05	3.386719e+06
2.479927e+05	3.386706e+06
2.479942e+05	3.386693e+06
2.479965e+05	3.386682e+06
2.479992e+05	3.386673e+06
2.480003e+05	3.386665e+06
2.480001e+05	3.386658e+06
2.479996e+05	3.386649e+06
2.479976e+05	3.386641e+06
2.479940e+05	3.386631e+06
2.479907e+05	3.386620e+06
2.479878e+05	3.386609e+06
2.479843e+05	3.386598e+06
2.479799e+05	3.386586e+06
2.479753e+05	3.386575e+06
2.479705e+05	3.386563e+06
2.479655e+05	3.386552e+06
2.479602e+05	3.386541e+06
2.479547e+05	3.386530e+06
2.479494e+05	3.386520e+06
2.479442e+05	3.386511e+06
2.479396e+05	3.386501e+06
2.479348e+05	3.386491e+06
2.479299e+05	3.386481e+06
2.479252e+05	3.386471e+06
2.479203e+05	3.386461e+06
2.479140e+05	3.386453e+06
2.479077e+05	3.386443e+06
2.479015e+05	3.386434e+06
2.478945e+05	3.386425e+06
2.478879e+05	3.386415e+06
2.478817e+05	3.386404e+06
2.478755e+05	3.386392e+06
2.478695e+05	3.386380e+06
2.478642e+05	3.386369e+06
2.478584e+05	3.386357e+06
2.478520e+05	3.386345e+06
2.478461e+05	3.386332e+06
2.478398e+05	3.386321e+06
2.478341e+05	3.386310e+06
2.478292e+05	3.386300e+06
2.478251e+05	3.386290e+06
2.478195e+05	3.386282e+06
2.478137e+05	3.386273e+06
2.478076e+05	3.386265e+06
2.478028e+05	3.386257e+06
2.477989e+05	3.386249e+06
2.477952e+05	3.386240e+06
2.477913e+05	3.386232e+06
2.477866e+05	3.386223e+06
2.477828e+05	3.386216e+06
2.477789e+05	3.386209e+06
2.477751e+05	3.386202e+06
2.477716e+05	3.386195e+06
2.477680e+05	3.386187e+06
2.477648e+05	3.386181e+06
2.477626e+05	3.386174e+06
2.477609e+05	3.386169e+06
2.477593e+05	3.386164e+06
2.477583e+05	3.386160e+06
2.477574e+05	3.386156e+06
2.477563e+05	3.386151e+06
2.477552e+05	3.386146e+06
2.477540e+05	3.386142e+06
2.477528e+05	3.386137e+06
2.477511e+05	3.386133e+06
2.477492e+05	3.386128e+06
2.477465e+05	3.386123e+06
2.477435e+05	3.386118e+06
2.477403e+05	3.386111e+06
2.477366e+05	3.386104e+06
2.477331e+05	3.386097e+06
2.477296e+05	3.386091e+06
2.477251e+05	3.386084e+06
2.477214e+05	3.386076e+06
2.477179e+05	3.386069e+06
2.477141e+05	3.386063e+06
2.477104e+05	3.386056e+06
2.477084e+05	3.386051e+06
2.477051e+05	3.386047e+06
2.477036e+05	3.386044e+06
2.477024e+05	3.386041e+06
2.477010e+05	3.386037e+06
2.477001e+05	3.386034e+06
2.476990e+05	3.386032e+06
2.476980e+05	3.386031e+06
2.476970e+05	3.386029e+06
2.476960e+05	3.386028e+06
2.476952e+05	3.386027e+06
2.476953e+05	3.386027e+06
2.476950e+05	3.386028e+06
2.476947e+05	3.386028e+06
2.476947e+05	3.386028e+06
2.476947e+05	3.386028e+06
2.476944e+05	3.386027e+06
2.476944e+05	3.386027e+06
2.476944e+05	3.386027e+06
2.476944e+05	3.386027e+06
2.476944e+05	3.386028e+06
2.476944e+05	3.386028e+06
2.476944e+05	3.386028e+06
2.476944e+05	3.386028e+06
2.476944e+05	3.386028e+06
2.476944e+05	3.386028e+06
2.476941e+05	3.386027e+06
2.476936e+05	3.386026e+06
2.476924e+05	3.386024e+06
2.476907e+05	3.386022e+06
2.476881e+05	3.386017e+06
2.476854e+05	3.386012e+06
2.476830e+05	3.386008e+06
2.476807e+05	3.386003e+06
2.476790e+05	3.385998e+06
2.476777e+05	3.385991e+06
2.476769e+05	3.385983e+06
2.476755e+05	3.385974e+06
2.476732e+05	3.385964e+06
2.476705e+05	3.385955e+06
2.476669e+05	3.385946e+06
2.476627e+05	3.385937e+06
2.476582e+05	3.385929e+06
2.476533e+05	3.385921e+06
2.476488e+05	3.385913e+06
2.476448e+05	3.385905e+06
2.476409e+05	3.385896e+06
2.476369e+05	3.385887e+06
2.476325e+05	3.385879e+06
2.476282e+05	3.385870e+06
2.476236e+05	3.385861e+06
2.476193e+05	3.385852e+06
2.476151e+05	3.385844e+06
2.476104e+05	3.385835e+06
2.476051e+05	3.385826e+06
2.476002e+05	3.385818e+06
2.475954e+05	3.385809e+06
2.475910e+05	3.385802e+06
2.475873e+05	3.385794e+06
2.475832e+05	3.385786e+06
2.475790e+05	3.385779e+06
2.475733e+05	3.385770e+06
2.475680e+05	3.385761e+06
2.475630e+05	3.385752e+06
2.475582e+05	3.385743e+06
2.475538e+05	3.385735e+06
2.475483e+05	3.385726e+06
2.475435e+05	3.385718e+06
2.475388e+05	3.385709e+06
2.475340e+05	3.385701e+06
2.475287e+05	3.385693e+06
2.475231e+05	3.385686e+06
2.475170e+05	3.385679e+06
2.475099e+05	3.385672e+06
2.475026e+05	3.385666e+06
2.474948e+05	3.385662e+06
2.474874e+05	3.385660e+06
2.474803e+05	3.385659e+06
2.474735e+05	3.385658e+06
2.474666e+05	3.385658e+06
2.474592e+05	3.385658e+06
2.474517e+05	3.385659e+06
2.474437e+05	3.385660e+06
2.474353e+05	3.385661e+06
2.474264e+05	3.385663e+06
2.474170e+05	3.385665e+06
2.474070e+05	3.385667e+06
2.473960e+05	3.385669e+06
2.473847e+05	3.385672e+06
2.473729e+05	3.385674e+06
2.473605e+05	3.385677e+06
2.473478e+05	3.385680e+06
2.473354e+05	3.385684e+06
2.473240e+05	3.385689e+06
2.473121e+05	3.385693e+06
2.472997e+05	3.385697e+06
2.472875e+05	3.385701e+06
2.472752e+05	3.385704e+06
2.472620e+05	3.385707e+06
2.472486e+05	3.385711e+06
2.472354e+05	3.385714e+06
2.472221e+05	3.385717e+06
2.472086e+05	3.385721e+06
2.471950e+05	3.385724e+06
2.471817e+05	3.385727e+06
2.471686e+05	3.385730e+06
2.471561e+05	3.385733e+06
2.471449e+05	3.385737e+06
2.471340e+05	3.385739e+06
2.471230e+05	3.385742e+06
2.471119e+05	3.385745e+06
2.470993e+05	3.385748e+06
2.470867e+05	3.385751e+06
2.470734e+05	3.385755e+06
2.470605e+05	3.385758e+06
2.470468e+05	3.385761e+06
2.470336e+05	3.385764e+06
2.470201e+05	3.385767e+06
2.470070e+05	3.385769e+06
2.469936e+05	3.385773e+06
2.469793e+05	3.385776e+06
2.469656e+05	3.385779e+06
2.469517e+05	3.385783e+06
2.469381e+05	3.385786e+06
2.469248e+05	3.385789e+06
2.469117e+05	3.385792e+06
2.468988e+05	3.385795e+06
2.468856e+05	3.385799e+06
2.468724e+05	3.385802e+06
2.468592e+05	3.385805e+06
2.468457e+05	3.385808e+06
2.468322e+05	3.385812e+06
2.468182e+05	3.385815e+06
2.468047e+05	3.385819e+06
2.467915e+05	3.385821e+06
2.467789e+05	3.385824e+06
2.467666e+05	3.385826e+06
2.467544e+05	3.385829e+06
2.467420e+05	3.385832e+06
2.467295e+05	3.385835e+06
2.467173e+05	3.385838e+06
2.467049e+05	3.385842e+06
2.466925e+05	3.385846e+06
2.466794e+05	3.385851e+06
2.466667e+05	3.385854e+06
2.466541e+05	3.385859e+06
2.466422e+05	3.385863e+06
2.466293e+05	3.385866e+06
2.466166e+05	3.385870e+06
2.466047e+05	3.385875e+06
2.465932e+05	3.385880e+06
2.465821e+05	3.385884e+06
2.465699e+05	3.385888e+06
2.465583e+05	3.385892e+06
2.465468e+05	3.385894e+06
2.465353e+05	3.385896e+06
2.465234e+05	3.385899e+06
2.465123e+05	3.385903e+06
2.465050e+05	3.385906e+06
2.464967e+05	3.385911e+06
2.464848e+05	3.385918e+06
2.464717e+05	3.385924e+06
2.464586e+05	3.385931e+06
2.464447e+05	3.385939e+06
2.464310e+05	3.385947e+06
2.464164e+05	3.385956e+06
2.464018e+05	3.385965e+06
2.463868e+05	3.385975e+06
2.463714e+05	3.385985e+06
2.463564e+05	3.385995e+06
2.463413e+05	3.386007e+06
2.463262e+05	3.386018e+06
2.463114e+05	3.386029e+06
2.462968e+05	3.386040e+06
2.462824e+05	3.386052e+06
2.462681e+05	3.386064e+06
2.462542e+05	3.386076e+06
2.462405e+05	3.386088e+06
2.462275e+05	3.386100e+06
2.462144e+05	3.386111e+06
2.462014e+05	3.386123e+06
2.461885e+05	3.386134e+06
2.461760e+05	3.386145e+06
2.461639e+05	3.386155e+06
2.461521e+05	3.386166e+06
2.461404e+05	3.386177e+06
2.461288e+05	3.386188e+06
2.461174e+05	3.386198e+06
2.461061e+05	3.386208e+06
2.460951e+05	3.386218e+06
2.460845e+05	3.386228e+06
2.460742e+05	3.386238e+06
2.460643e+05	3.386247e+06
2.460547e+05	3.386256e+06
2.460454e+05	3.386264e+06
2.460358e+05	3.386273e+06
2.460263e+05	3.386282e+06
2.460165e+05	3.386291e+06
2.460067e+05	3.386300e+06
2.459962e+05	3.386309e+06
2.459862e+05	3.386318e+06
2.459761e+05	3.386327e+06
2.459658e+05	3.386336e+06
2.459554e+05	3.386346e+06
2.459451e+05	3.386357e+06
2.459355e+05	3.386368e+06
2.459249e+05	3.386378e+06
2.459137e+05	3.386389e+06
2.459025e+05	3.386399e+06
2.458907e+05	3.386410e+06
2.458790e+05	3.386421e+06
2.458669e+05	3.386432e+06
2.458547e+05	3.386443e+06
2.458425e+05	3.386455e+06
2.458301e+05	3.386466e+06
2.458171e+05	3.386477e+06
2.458036e+05	3.386489e+06
2.457900e+05	3.386500e+06
2.457762e+05	3.386512e+06
2.457624e+05	3.386525e+06
2.457483e+05	3.386537e+06
2.457345e+05	3.386550e+06
2.457206e+05	3.386562e+06
2.457063e+05	3.386574e+06
2.456919e+05	3.386586e+06
2.456770e+05	3.386598e+06
2.456617e+05	3.386610e+06
2.456462e+05	3.386622e+06
2.456306e+05	3.386632e+06
2.456159e+05	3.386643e+06
2.456028e+05	3.386654e+06
2.455906e+05	3.386665e+06
2.455788e+05	3.386677e+06
2.455671e+05	3.386689e+06
2.455556e+05	3.386700e+06
2.455435e+05	3.386711e+06
2.455316e+05	3.386723e+06
2.455196e+05	3.386736e+06
2.455074e+05	3.386748e+06
2.454944e+05	3.386761e+06
2.454810e+05	3.386774e+06
2.454664e+05	3.386786e+06
2.454513e+05	3.386797e+06
2.454374e+05	3.386811e+06
2.454236e+05	3.386824e+06
2.454095e+05	3.386837e+06
2.453954e+05	3.386850e+06
2.453812e+05	3.386863e+06
2.453665e+05	3.386877e+06
2.453518e+05	3.386890e+06
2.453372e+05	3.386903e+06
2.453231e+05	3.386916e+06
2.453090e+05	3.386927e+06
2.452947e+05	3.386940e+06
2.452813e+05	3.386954e+06
2.452682e+05	3.386968e+06
2.452551e+05	3.386982e+06
2.452413e+05	3.386995e+06
2.452275e+05	3.387008e+06
2.452143e+05	3.387022e+06
2.452011e+05	3.387035e+06
2.451875e+05	3.387047e+06
2.451744e+05	3.387060e+06
2.451617e+05	3.387072e+06
2.451486e+05	3.387085e+06
2.451353e+05	3.387097e+06
2.451221e+05	3.387110e+06
2.451088e+05	3.387122e+06
2.450958e+05	3.387134e+06
2.450829e+05	3.387147e+06
2.450697e+05	3.387159e+06
2.450566e+05	3.387172e+06
2.450434e+05	3.387184e+06
2.450303e+05	3.387197e+06
2.450170e+05	3.387210e+06
2.450034e+05	3.387222e+06
2.449898e+05	3.387235e+06
2.449760e+05	3.387247e+06
2.449620e+05	3.387260e+06
2.449480e+05	3.387273e+06
2.449339e+05	3.387286e+06
2.449196e+05	3.387299e+06
2.449054e+05	3.387312e+06
2.448911e+05	3.387325e+06
2.448769e+05	3.387338e+06
2.448626e+05	3.387352e+06
2.448482e+05	3.387365e+06
2.448337e+05	3.387379e+06
2.448192e+05	3.387394e+06
2.448043e+05	3.387408e+06
2.447891e+05	3.387422e+06
2.447738e+05	3.387437e+06
2.447583e+05	3.387452e+06
2.447423e+05	3.387466e+06
2.447265e+05	3.387481e+06
2.447110e+05	3.387495e+06
2.446963e+05	3.387509e+06
2.446824e+05	3.387522e+06
2.446697e+05	3.387534e+06
2.446575e+05	3.387545e+06
2.446450e+05	3.387556e+06
2.446321e+05	3.387566e+06
2.446192e+05	3.387577e+06
2.446068e+05	3.387587e+06
2.445943e+05	3.387599e+06
2.445816e+05	3.387611e+06
2.445688e+05	3.387622e+06
2.445558e+05	3.387635e+06
2.445428e+05	3.387647e+06
2.445300e+05	3.387659e+06
2.445184e+05	3.387670e+06
2.445076e+05	3.387680e+06
2.444979e+05	3.387690e+06
2.444889e+05	3.387699e+06
2.444798e+05	3.387706e+06
2.444711e+05	3.387713e+06
2.444631e+05	3.387719e+06
2.444562e+05	3.387726e+06
2.444504e+05	3.387730e+06
2.444473e+05	3.387733e+06
2.444451e+05	3.387734e+06
2.444435e+05	3.387736e+06
2.444420e+05	3.387737e+06
2.444407e+05	3.387738e+06
2.444394e+05	3.387738e+06
2.444380e+05	3.387739e+06
2.444364e+05	3.387739e+06
2.444352e+05	3.387740e+06
2.444336e+05	3.387741e+06
2.444318e+05	3.387742e+06
2.444299e+05	3.387743e+06
2.444274e+05	3.387744e+06
2.444241e+05	3.387746e+06
2.444205e+05	3.387749e+06
2.444162e+05	3.387751e+06
2.444110e+05	3.387754e+06
2.444051e+05	3.387756e+06
2.443994e+05	3.387758e+06
2.443939e+05	3.387760e+06
2.443883e+05	3.387762e+06
2.443828e+05	3.387764e+06
2.443782e+05	3.387767e+06
2.443746e+05	3.387775e+06
2.443707e+05	3.387779e+06
2.443674e+05	3.387783e+06
2.443641e+05	3.387785e+06
2.443618e+05	3.387789e+06
2.443601e+05	3.387792e+06
2.443589e+05	3.387794e+06
2.443572e+05	3.387797e+06
2.443565e+05	3.387801e+06
2.443551e+05	3.387804e+06
2.443530e+05	3.387808e+06
2.443503e+05	3.387811e+06
2.443489e+05	3.387814e+06
2.443487e+05	3.387816e+06
2.443497e+05	3.387818e+06
2.443508e+05	3.387818e+06
2.443516e+05	3.387819e+06
2.443516e+05	3.387819e+06
2.443508e+05	3.387819e+06
2.443499e+05	3.387820e+06
2.443480e+05	3.387821e+06
2.443455e+05	3.387824e+06
2.443422e+05	3.387827e+06
2.443387e+05	3.387830e+06
2.443356e+05	3.387833e+06
2.443322e+05	3.387836e+06
2.443287e+05	3.387839e+06
2.443251e+05	3.387842e+06
2.443211e+05	3.387846e+06
2.443170e+05	3.387849e+06
2.443140e+05	3.387853e+06
2.443127e+05	3.387856e+06
2.443122e+05	3.387858e+06
2.443121e+05	3.387858e+06
2.443116e+05	3.387858e+06
2.443117e+05	3.387858e+06
2.443117e+05	3.387858e+06
2.443114e+05	3.387858e+06
2.443103e+05	3.387859e+06
2.443088e+05	3.387861e+06
2.443064e+05	3.387863e+06
2.443039e+05	3.387865e+06
2.443016e+05	3.387867e+06
2.442991e+05	3.387870e+06
2.442969e+05	3.387872e+06
2.442944e+05	3.387874e+06
2.442917e+05	3.387876e+06
2.442885e+05	3.387878e+06
2.442857e+05	3.387881e+06
2.442834e+05	3.387883e+06
2.442810e+05	3.387885e+06
2.442795e+05	3.387887e+06
2.442785e+05	3.387888e+06
2.442776e+05	3.387889e+06
2.442762e+05	3.387890e+06
2.442745e+05	3.387891e+06
2.442723e+05	3.387893e+06
2.442702e+05	3.387895e+06
2.442685e+05	3.387897e+06
2.442663e+05	3.387900e+06
2.442632e+05	3.387903e+06
2.442596e+05	3.387906e+06
2.442558e+05	3.387909e+06
2.442522e+05	3.387911e+06
2.442483e+05	3.387914e+06
2.442450e+05	3.387917e+06
2.442417e+05	3.387920e+06
2.442383e+05	3.387924e+06
2.442350e+05	3.387926e+06
2.442319e+05	3.387929e+06
2.442284e+05	3.387933e+06
2.442250e+05	3.387936e+06
2.442206e+05	3.387939e+06
2.442157e+05	3.387942e+06
2.442105e+05	3.387945e+06
2.442065e+05	3.387951e+06
2.442028e+05	3.387957e+06
2.441992e+05	3.387961e+06
2.441962e+05	3.387965e+06
2.441936e+05	3.387967e+06
2.441917e+05	3.387970e+06
2.441900e+05	3.387972e+06
2.441881e+05	3.387974e+06
2.441861e+05	3.387976e+06
2.441836e+05	3.387978e+06
2.441814e+05	3.387980e+06
2.441791e+05	3.387983e+06
2.441767e+05	3.387985e+06
2.441744e+05	3.387988e+06
2.441713e+05	3.387991e+06
2.441678e+05	3.387993e+06
2.441644e+05	3.387996e+06
2.441604e+05	3.388000e+06
2.441570e+05	3.388003e+06
2.441532e+05	3.388006e+06
2.441498e+05	3.388008e+06
2.441466e+05	3.388011e+06
2.441438e+05	3.388013e+06
2.441413e+05	3.388015e+06
2.441388e+05	3.388017e+06
2.441366e+05	3.388019e+06
2.441345e+05	3.388020e+06
2.441325e+05	3.388022e+06
2.441298e+05	3.388025e+06
2.441269e+05	3.388027e+06
2.441237e+05	3.388030e+06
2.441203e+05	3.388034e+06
2.441165e+05	3.388037e+06
2.441126e+05	3.388040e+06
2.441090e+05	3.388044e+06
2.441057e+05	3.388047e+06
2.441028e+05	3.388050e+06
2.440999e+05	3.388052e+06
2.440973e+05	3.388055e+06
2.440945e+05	3.388057e+06
2.440916e+05	3.388060e+06
2.440882e+05	3.388063e+06
2.440838e+05	3.388067e+06
2.440790e+05	3.388071e+06
2.440738e+05	3.388076e+06
2.440686e+05	3.388080e+06
2.440638e+05	3.388085e+06
2.440591e+05	3.388089e+06
2.440542e+05	3.388093e+06
2.440492e+05	3.388098e+06
2.440440e+05	3.388103e+06
2.440387e+05	3.388108e+06
2.440335e+05	3.388112e+06
2.440285e+05	3.388117e+06
2.440242e+05	3.388121e+06
2.440204e+05	3.388125e+06
2.440171e+05	3.388127e+06
2.440145e+05	3.388130e+06
2.440119e+05	3.388132e+06
2.440096e+05	3.388135e+06
2.440071e+05	3.388137e+06
2.440051e+05	3.388139e+06
2.440029e+05	3.388140e+06
2.440010e+05	3.388142e+06
2.439996e+05	3.388143e+06
2.439991e+05	3.388143e+06
2.439988e+05	3.388144e+06
2.439988e+05	3.388144e+06
2.439985e+05	3.388144e+06
2.439977e+05	3.388145e+06
2.439961e+05	3.388147e+06
2.439938e+05	3.388149e+06
2.439911e+05	3.388152e+06
2.439880e+05	3.388154e+06
2.439846e+05	3.388158e+06
2.439805e+05	3.388161e+06
2.439763e+05	3.388165e+06
2.439720e+05	3.388169e+06
2.439678e+05	3.388173e+06
2.439637e+05	3.388177e+06
2.439601e+05	3.388180e+06
2.439565e+05	3.388184e+06
2.439529e+05	3.388187e+06
2.439501e+05	3.388190e+06
2.439470e+05	3.388192e+06
2.439440e+05	3.388195e+06
2.439411e+05	3.388198e+06
2.439378e+05	3.388201e+06
2.439343e+05	3.388204e+06
2.439310e+05	3.388207e+06
2.439279e+05	3.388210e+06
2.439249e+05	3.388212e+06
2.439219e+05	3.388215e+06
2.439190e+05	3.388218e+06
2.439157e+05	3.388221e+06
2.439121e+05	3.388224e+06
2.439082e+05	3.388228e+06
2.439044e+05	3.388231e+06
2.439008e+05	3.388235e+06
2.438967e+05	3.388238e+06
2.438925e+05	3.388242e+06
2.438881e+05	3.388246e+06
2.438836e+05	3.388250e+06
2.438792e+05	3.388254e+06
2.438750e+05	3.388258e+06
2.438707e+05	3.388261e+06
2.438664e+05	3.388265e+06
2.438617e+05	3.388270e+06
2.438568e+05	3.388274e+06
2.438516e+05	3.388279e+06
2.438463e+05	3.388283e+06
2.438411e+05	3.388288e+06
2.438364e+05	3.388292e+06
2.438322e+05	3.388295e+06
2.438284e+05	3.388298e+06
2.438247e+05	3.388301e+06
2.438209e+05	3.388305e+06
2.438165e+05	3.388308e+06
2.438116e+05	3.388312e+06
2.438066e+05	3.388316e+06
2.438014e+05	3.388320e+06
2.437963e+05	3.388324e+06
2.437914e+05	3.388328e+06
2.437859e+05	3.388332e+06
2.437801e+05	3.388337e+06
2.437743e+05	3.388341e+06
2.437685e+05	3.388346e+06
2.437623e+05	3.388350e+06
2.437564e+05	3.388355e+06
2.437503e+05	3.388360e+06
2.437437e+05	3.388365e+06
2.437372e+05	3.388370e+06
2.437311e+05	3.388375e+06
2.437253e+05	3.388380e+06
2.437198e+05	3.388384e+06
2.437143e+05	3.388389e+06
2.437087e+05	3.388393e+06
2.437027e+05	3.388398e+06
2.436966e+05	3.388403e+06
2.436903e+05	3.388408e+06
2.436837e+05	3.388413e+06
2.436768e+05	3.388419e+06
2.436696e+05	3.388424e+06
2.436616e+05	3.388431e+06
2.436534e+05	3.388437e+06
2.436449e+05	3.388444e+06
2.436360e+05	3.388451e+06
2.436267e+05	3.388458e+06
2.436173e+05	3.388465e+06
2.436077e+05	3.388473e+06
2.435980e+05	3.388481e+06
2.435879e+05	3.388489e+06
2.435776e+05	3.388497e+06
2.435669e+05	3.388505e+06
2.435560e+05	3.388514e+06
2.435449e+05	3.388523e+06
2.435334e+05	3.388532e+06
2.435217e+05	3.388541e+06
2.435099e+05	3.388550e+06
2.434980e+05	3.388560e+06
2.434863e+05	3.388569e+06
2.434750e+05	3.388578e+06
2.434636e+05	3.388587e+06
2.434523e+05	3.388596e+06
2.434410e+05	3.388605e+06
2.434297e+05	3.388614e+06
2.434184e+05	3.388623e+06
2.434071e+05	3.388631e+06
2.433961e+05	3.388640e+06
2.433854e+05	3.388649e+06
2.433746e+05	3.388657e+06
2.433644e+05	3.388665e+06
2.433546e+05	3.388673e+06
2.433454e+05	3.388680e+06
2.433363e+05	3.388688e+06
2.433275e+05	3.388695e+06
2.433184e+05	3.388704e+06
2.433090e+05	3.388712e+06
2.432993e+05	3.388720e+06
2.432894e+05	3.388728e+06
2.432792e+05	3.388737e+06
2.432687e+05	3.388745e+06
2.432580e+05	3.388754e+06
2.432475e+05	3.388763e+06
2.432366e+05	3.388772e+06
2.432257e+05	3.388781e+06
2.432149e+05	3.388790e+06
2.432044e+05	3.388799e+06
2.431939e+05	3.388807e+06
2.431837e+05	3.388815e+06
2.431735e+05	3.388824e+06
2.431634e+05	3.388832e+06
2.431534e+05	3.388839e+06
2.431437e+05	3.388847e+06
2.431338e+05	3.388855e+06
2.431239e+05	3.388863e+06
2.431142e+05	3.388871e+06
2.431044e+05	3.388878e+06
2.430947e+05	3.388886e+06
2.430850e+05	3.388894e+06
2.430752e+05	3.388901e+06
2.430653e+05	3.388909e+06
2.430553e+05	3.388917e+06
2.430452e+05	3.388925e+06
2.430350e+05	3.388933e+06
2.430245e+05	3.388942e+06
2.430143e+05	3.388950e+06
2.430043e+05	3.388958e+06
2.429949e+05	3.388965e+06
2.429856e+05	3.388973e+06
2.429765e+05	3.388980e+06
2.429677e+05	3.388987e+06
2.429589e+05	3.388994e+06
2.429500e+05	3.389001e+06
2.429409e+05	3.389008e+06
2.429318e+05	3.389015e+06
2.429223e+05	3.389023e+06
2.429126e+05	3.389031e+06
2.429030e+05	3.389038e+06
2.428933e+05	3.389046e+06
2.428834e+05	3.389054e+06
2.428735e+05	3.389062e+06
2.428635e+05	3.389070e+06
2.428534e+05	3.389078e+06
2.428432e+05	3.389086e+06
2.428329e+05	3.389094e+06
2.428224e+05	3.389102e+06
2.428118e+05	3.389111e+06
2.428013e+05	3.389119e+06
2.427906e+05	3.389127e+06
2.427800e+05	3.389136e+06
2.427695e+05	3.389144e+06
2.427591e+05	3.389152e+06
2.427490e+05	3.389160e+06
2.427395e+05	3.389168e+06
2.427297e+05	3.389176e+06
2.427202e+05	3.389183e+06
2.427106e+05	3.389191e+06
2.427010e+05	3.389199e+06
2.426915e+05	3.389207e+06
2.426819e+05	3.389214e+06
2.426723e+05	3.389222e+06
2.426627e+05	3.389229e+06
2.426530e+05	3.389237e+06
2.426431e+05	3.389244e+06
2.426330e+05	3.389252e+06
2.426232e+05	3.389260e+06
2.426133e+05	3.389267e+06
2.426037e+05	3.389275e+06
2.425941e+05	3.389282e+06
2.425847e+05	3.389290e+06
2.425759e+05	3.389296e+06
2.425677e+05	3.389303e+06
2.425602e+05	3.389309e+06
2.425527e+05	3.389314e+06
2.425451e+05	3.389320e+06
2.425373e+05	3.389326e+06
2.425296e+05	3.389332e+06
2.425217e+05	3.389339e+06
2.425139e+05	3.389345e+06
2.425062e+05	3.389351e+06
2.424987e+05	3.389357e+06
2.424916e+05	3.389363e+06
2.424845e+05	3.389369e+06
2.424776e+05	3.389374e+06
2.424707e+05	3.389380e+06
2.424638e+05	3.389385e+06
2.424568e+05	3.389391e+06
2.424499e+05	3.389396e+06
2.424428e+05	3.389402e+06
2.424359e+05	3.389407e+06
2.424287e+05	3.389413e+06
2.424216e+05	3.389418e+06
2.424144e+05	3.389424e+06
2.424073e+05	3.389430e+06
2.424004e+05	3.389435e+06
2.423937e+05	3.389440e+06
2.423871e+05	3.389446e+06
2.423808e+05	3.389451e+06
2.423745e+05	3.389456e+06
2.423685e+05	3.389460e+06
2.423626e+05	3.389465e+06
2.423566e+05	3.389470e+06
2.423505e+05	3.389475e+06
2.423444e+05	3.389480e+06
2.423379e+05	3.389485e+06
2.423312e+05	3.389490e+06
2.423244e+05	3.389496e+06
2.423174e+05	3.389501e+06
2.423103e+05	3.389507e+06
2.423031e+05	3.389513e+06
2.422959e+05	3.389519e+06
2.422887e+05	3.389524e+06
2.422814e+05	3.389530e+06
2.422745e+05	3.389535e+06
2.422676e+05	3.389541e+06
2.422607e+05	3.389546e+06
2.422537e+05	3.389552e+06
2.422468e+05	3.389557e+06
2.422398e+05	3.389563e+06
2.422329e+05	3.389568e+06
2.422265e+05	3.389573e+06
2.422210e+05	3.389577e+06
2.422164e+05	3.389580e+06
2.422122e+05	3.389584e+06
2.422078e+05	3.389587e+06
2.422032e+05	3.389591e+06
2.421989e+05	3.389594e+06
2.421940e+05	3.389598e+06
2.421888e+05	3.389602e+06
2.421833e+05	3.389607e+06
2.421778e+05	3.389611e+06
2.421723e+05	3.389615e+06
2.421668e+05	3.389619e+06
2.421613e+05	3.389624e+06
2.421558e+05	3.389628e+06
2.421499e+05	3.389633e+06
2.421436e+05	3.389638e+06
2.421369e+05	3.389644e+06
2.421298e+05	3.389650e+06
2.421221e+05	3.389656e+06
2.421140e+05	3.389663e+06
2.421052e+05	3.389671e+06
2.420960e+05	3.389678e+06
2.420860e+05	3.389685e+06
2.420760e+05	3.389693e+06
2.420659e+05	3.389700e+06
2.420559e+05	3.389708e+06
2.420458e+05	3.389716e+06
2.420364e+05	3.389724e+06
2.420277e+05	3.389732e+06
2.420200e+05	3.389740e+06
2.420142e+05	3.389749e+06
2.420099e+05	3.389758e+06
2.420072e+05	3.389767e+06
2.420068e+05	3.389776e+06
2.420078e+05	3.389784e+06
2.420102e+05	3.389792e+06
2.420138e+05	3.389800e+06
2.420189e+05	3.389808e+06
2.420252e+05	3.389815e+06
2.420330e+05	3.389821e+06
2.420408e+05	3.389826e+06
2.420495e+05	3.389829e+06
2.420587e+05	3.389832e+06
2.420686e+05	3.389833e+06
2.420784e+05	3.389832e+06
2.420877e+05	3.389830e+06
2.420976e+05	3.389826e+06
2.421074e+05	3.389821e+06
2.421172e+05	3.389816e+06
2.421274e+05	3.389810e+06
2.421370e+05	3.389805e+06
2.421460e+05	3.389800e+06
2.421513e+05	3.389792e+06
2.421530e+05	3.389783e+06
2.421533e+05	3.389774e+06
2.421528e+05	3.389767e+06
2.421508e+05	3.389759e+06
2.421486e+05	3.389753e+06
2.421464e+05	3.389749e+06
2.421471e+05	3.389750e+06
2.421463e+05	3.389750e+06
2.421454e+05	3.389748e+06
2.421448e+05	3.389747e+06
2.421443e+05	3.389746e+06
2.421439e+05	3.389745e+06
2.421439e+05	3.389745e+06
2.421439e+05	3.389745e+06
2.421439e+05	3.389745e+06
2.421439e+05	3.389745e+06
2.421439e+05	3.389745e+06
2.421434e+05	3.389745e+06
2.421431e+05	3.389744e+06
2.421419e+05	3.389742e+06
2.421398e+05	3.389738e+06
2.421373e+05	3.389734e+06
2.421338e+05	3.389729e+06
2.421291e+05	3.389722e+06
2.421240e+05	3.389715e+06
2.421189e+05	3.389707e+06
2.421139e+05	3.389700e+06
2.421093e+05	3.389693e+06
2.421049e+05	3.389686e+06
2.421018e+05	3.389680e+06
2.420991e+05	3.389676e+06
2.420965e+05	3.389672e+06
2.420941e+05	3.389669e+06
2.420921e+05	3.389665e+06
2.420901e+05	3.389660e+06
2.420873e+05	3.389656e+06
2.420841e+05	3.389652e+06
2.420832e+05	3.389647e+06
2.420850e+05	3.389642e+06
2.420858e+05	3.389636e+06
2.420900e+05	3.389631e+06
2.420951e+05	3.389622e+06
2.420992e+05	3.389614e+06
2.421032e+05	3.389606e+06
2.421054e+05	3.389596e+06
2.421059e+05	3.389586e+06
2.421052e+05	3.389576e+06
2.421038e+05	3.389566e+06
2.421028e+05	3.389556e+06
2.421005e+05	3.389547e+06
2.420982e+05	3.389540e+06
2.420953e+05	3.389531e+06
2.420922e+05	3.389523e+06
2.420888e+05	3.389515e+06
2.420848e+05	3.389507e+06
2.420803e+05	3.389498e+06
2.420758e+05	3.389490e+06
2.420708e+05	3.389481e+06
2.420661e+05	3.389473e+06
2.420622e+05	3.389465e+06
2.420587e+05	3.389459e+06
2.420549e+05	3.389452e+06
2.420517e+05	3.389446e+06
2.420487e+05	3.389441e+06
2.420460e+05	3.389436e+06
2.420422e+05	3.389431e+06
2.420384e+05	3.389425e+06
2.420341e+05	3.389419e+06
2.420293e+05	3.389412e+06
2.420243e+05	3.389404e+06
2.420193e+05	3.389395e+06
2.420145e+05	3.389387e+06
2.420100e+05	3.389380e+06
2.420055e+05	3.389372e+06
2.420003e+05	3.389363e+06
2.419945e+05	3.389354e+06
2.419883e+05	3.389343e+06
2.419820e+05	3.389332e+06
2.419755e+05	3.389321e+06
2.419691e+05	3.389311e+06
2.419635e+05	3.389301e+06
2.419589e+05	3.389293e+06
2.419561e+05	3.389286e+06
2.419552e+05	3.389282e+06
2.419577e+05	3.389280e+06
2.419612e+05	3.389281e+06
2.419633e+05	3.389283e+06
2.419633e+05	3.389286e+06
2.419646e+05	3.389290e+06
2.419678e+05	3.389295e+06
2.419718e+05	3.389301e+06
2.419760e+05	3.389309e+06
2.419806e+05	3.389317e+06
2.419858e+05	3.389325e+06
2.419914e+05	3.389334e+06
2.419976e+05	3.389344e+06
2.420039e+05	3.389354e+06
2.420102e+05	3.389365e+06
2.420164e+05	3.389375e+06
2.420226e+05	3.389385e+06
2.420284e+05	3.389395e+06
2.420338e+05	3.389406e+06
2.420393e+05	3.389416e+06
2.420448e+05	3.389426e+06
2.420506e+05	3.389435e+06
2.420558e+05	3.389445e+06
2.420607e+05	3.389453e+06
2.420647e+05	3.389461e+06
2.420684e+05	3.389468e+06
2.420720e+05	3.389474e+06
2.420754e+05	3.389481e+06
2.420786e+05	3.389487e+06
2.420821e+05	3.389492e+06
2.420852e+05	3.389495e+06
2.420878e+05	3.389497e+06
2.420892e+05	3.389497e+06
2.420898e+05	3.389497e+06
2.420902e+05	3.389496e+06
2.420909e+05	3.389496e+06
2.420919e+05	3.389495e+06
2.420930e+05	3.389495e+06
2.420938e+05	3.389495e+06
2.420944e+05	3.389494e+06
2.420959e+05	3.389494e+06
2.420970e+05	3.389493e+06
2.420981e+05	3.389493e+06
2.420992e+05	3.389492e+06
2.421001e+05	3.389492e+06
2.421017e+05	3.389490e+06
2.421039e+05	3.389488e+06
2.421065e+05	3.389486e+06
2.421084e+05	3.389483e+06
2.421085e+05	3.389479e+06
2.421077e+05	3.389475e+06
2.421059e+05	3.389471e+06
2.421034e+05	3.389466e+06
2.421010e+05	3.389462e+06
2.420985e+05	3.389457e+06
2.420962e+05	3.389453e+06
2.420941e+05	3.389448e+06
2.420918e+05	3.389444e+06
2.420893e+05	3.389440e+06
2.420873e+05	3.389435e+06
2.420862e+05	3.389433e+06
2.420852e+05	3.389429e+06
2.420842e+05	3.389426e+06
2.420838e+05	3.389423e+06
2.420834e+05	3.389422e+06
2.420831e+05	3.389420e+06
2.420831e+05	3.389420e+06
2.420830e+05	3.389419e+06
2.420832e+05	3.389418e+06
2.420828e+05	3.389417e+06
2.420822e+05	3.389416e+06
2.420810e+05	3.389414e+06
2.420803e+05	3.389412e+06
2.420795e+05	3.389410e+06
2.420788e+05	3.389408e+06
2.420778e+05	3.389406e+06
2.420771e+05	3.389404e+06
2.420762e+05	3.389402e+06
2.420752e+05	3.389401e+06
2.420736e+05	3.389399e+06
2.420723e+05	3.389397e+06
2.420710e+05	3.389396e+06
2.420695e+05	3.389395e+06
2.420682e+05	3.389394e+06
2.420671e+05	3.389393e+06
2.420664e+05	3.389393e+06
2.420656e+05	3.389392e+06
2.420641e+05	3.389391e+06
2.420620e+05	3.389388e+06
2.420595e+05	3.389384e+06
2.420573e+05	3.389379e+06
2.420548e+05	3.389374e+06
2.420514e+05	3.389368e+06
2.420488e+05	3.389364e+06
2.420459e+05	3.389358e+06
2.420431e+05	3.389352e+06
2.420402e+05	3.389347e+06
2.420375e+05	3.389342e+06
2.420352e+05	3.389338e+06
2.420333e+05	3.389333e+06
2.420318e+05	3.389330e+06
2.420308e+05	3.389328e+06
2.420310e+05	3.389328e+06
2.420311e+05	3.389327e+06
2.420303e+05	3.389327e+06
2.420293e+05	3.389326e+06
2.420286e+05	3.389324e+06
2.420276e+05	3.389322e+06
2.420268e+05	3.389320e+06
2.420259e+05	3.389319e+06
2.420256e+05	3.389318e+06
2.420252e+05	3.389317e+06
2.420251e+05	3.389316e+06
2.420244e+05	3.389315e+06
2.420236e+05	3.389313e+06
2.420222e+05	3.389311e+06
2.420207e+05	3.389308e+06
2.420183e+05	3.389305e+06
2.420158e+05	3.389302e+06
2.420141e+05	3.389299e+06
2.420120e+05	3.389296e+06
2.420098e+05	3.389293e+06
2.420078e+05	3.389290e+06
2.420058e+05	3.389287e+06
2.420038e+05	3.389283e+06
2.420018e+05	3.389279e+06
2.419995e+05	3.389275e+06
2.419968e+05	3.389271e+06
2.419948e+05	3.389267e+06
2.419926e+05	3.389263e+06
2.419906e+05	3.389259e+06
2.419881e+05	3.389255e+06
2.419850e+05	3.389251e+06
2.419815e+05	3.389246e+06
2.419790e+05	3.389243e+06
2.419765e+05	3.389239e+06
2.419739e+05	3.389235e+06
2.419719e+05	3.389232e+06
2.419697e+05	3.389228e+06
2.419676e+05	3.389225e+06
2.419652e+05	3.389221e+06
2.419632e+05	3.389217e+06
2.419617e+05	3.389214e+06
2.419594e+05	3.389210e+06
2.419567e+05	3.389206e+06
2.419540e+05	3.389201e+06
2.419517e+05	3.389197e+06
2.419495e+05	3.389192e+06
2.419470e+05	3.389188e+06
2.419453e+05	3.389184e+06
2.419443e+05	3.389180e+06
2.419429e+05	3.389177e+06
2.419409e+05	3.389173e+06
2.419381e+05	3.389170e+06
2.419356e+05	3.389167e+06
2.419325e+05	3.389163e+06
2.419292e+05	3.389158e+06
2.419255e+05	3.389153e+06
2.419219e+05	3.389147e+06
2.419184e+05	3.389142e+06
2.419166e+05	3.389139e+06
2.419149e+05	3.389138e+06
2.419139e+05	3.389136e+06
2.419131e+05	3.389135e+06
2.419119e+05	3.389132e+06
2.419097e+05	3.389128e+06
2.419066e+05	3.389123e+06
2.419032e+05	3.389117e+06
2.419004e+05	3.389111e+06
2.418972e+05	3.389105e+06
2.418942e+05	3.389099e+06
2.418908e+05	3.389093e+06
2.418865e+05	3.389086e+06
2.418826e+05	3.389079e+06
2.418781e+05	3.389071e+06
2.418735e+05	3.389063e+06
2.418683e+05	3.389055e+06
2.418627e+05	3.389047e+06
2.418579e+05	3.389040e+06
2.418539e+05	3.389033e+06
2.418500e+05	3.389026e+06
2.418464e+05	3.389020e+06
2.418429e+05	3.389015e+06
2.418401e+05	3.389010e+06
2.418379e+05	3.389007e+06
2.418359e+05	3.389004e+06
2.418344e+05	3.389001e+06
2.418326e+05	3.388998e+06
2.418306e+05	3.388995e+06
2.418284e+05	3.388991e+06
2.418262e+05	3.388987e+06
2.418242e+05	3.388983e+06
2.418222e+05	3.388979e+06
2.418205e+05	3.388975e+06
2.418183e+05	3.388971e+06
2.418160e+05	3.388967e+06
2.418143e+05	3.388963e+06
2.418121e+05	3.388959e+06
2.418129e+05	3.388957e+06
2.418146e+05	3.388954e+06
2.418171e+05	3.388953e+06
2.418198e+05	3.388952e+06
2.418227e+05	3.388954e+06
2.418249e+05	3.388956e+06
2.418265e+05	3.388959e+06
2.418276e+05	3.388962e+06
2.418289e+05	3.388966e+06
2.418300e+05	3.388970e+06
2.418318e+05	3.388973e+06
2.418342e+05	3.388978e+06
2.418363e+05	3.388981e+06
2.418383e+05	3.388985e+06
2.418400e+05	3.388987e+06
2.418415e+05	3.388991e+06
2.418434e+05	3.388994e+06
2.418447e+05	3.388997e+06
2.418454e+05	3.389000e+06
2.418454e+05	3.389000e+06
2.418451e+05	3.389001e+06
2.418450e+05	3.389001e+06
2.418445e+05	3.389001e+06
2.418440e+05	3.389002e+06
2.418432e+05	3.389002e+06
2.418426e+05	3.389001e+06
2.418418e+05	3.389001e+06
2.418413e+05	3.389001e+06
2.418413e+05	3.389001e+06
2.418411e+05	3.389000e+06
2.418413e+05	3.389001e+06
2.418418e+05	3.389001e+06
2.418421e+05	3.389000e+06
2.418429e+05	3.389000e+06
2.418432e+05	3.389000e+06
2.418438e+05	3.389000e+06
2.418443e+05	3.388999e+06
2.418449e+05	3.388999e+06
2.418449e+05	3.388999e+06
2.418449e+05	3.388999e+06
2.418449e+05	3.388999e+06
2.418449e+05	3.388999e+06
2.418449e+05	3.388999e+06
2.418449e+05	3.388999e+06
2.418451e+05	3.388999e+06
2.418451e+05	3.388999e+06
2.418449e+05	3.389000e+06
2.418446e+05	3.389000e+06
2.418440e+05	3.389001e+06
2.418437e+05	3.389001e+06
2.418434e+05	3.389002e+06
2.418431e+05	3.389002e+06
2.418426e+05	3.389003e+06
2.418423e+05	3.389003e+06
2.418423e+05	3.389003e+06
2.418423e+05	3.389003e+06
2.418423e+05	3.389003e+06
2.418423e+05	3.389003e+06
2.418423e+05	3.389003e+06
2.418423e+05	3.389003e+06
2.418423e+05	3.389003e+06
2.418423e+05	3.389003e+06
2.418423e+05	3.389003e+06
2.418421e+05	3.389003e+06
2.418417e+05	3.389003e+06
2.418413e+05	3.389003e+06
2.418413e+05	3.389003e+06
2.418412e+05	3.389003e+06
2.418412e+05	3.389003e+06
2.418412e+05	3.389003e+06
2.418413e+05	3.389003e+06
2.418413e+05	3.389003e+06
2.418413e+05	3.389003e+06
2.418413e+05	3.389003e+06
2.418413e+05	3.389003e+06
2.418413e+05	3.389003e+06
2.418413e+05	3.389003e+06
2.418413e+05	3.389003e+06
2.418413e+05	3.389003e+06
2.418413e+05	3.389003e+06
2.418413e+05	3.389003e+06
2.418413e+05	3.389003e+06
2.418413e+05	3.389003e+06
2.418413e+05	3.389003e+06
2.418413e+05	3.389003e+06
2.418413e+05	3.389003e+06
2.418413e+05	3.389003e+06
2.418413e+05	3.389003e+06
2.418413e+05	3.389003e+06
2.418410e+05	3.389003e+06
2.418410e+05	3.389003e+06
2.418409e+05	3.389004e+06
2.418409e+05	3.389004e+06
2.418409e+05	3.389004e+06
2.418409e+05	3.389004e+06
2.418409e+05	3.389004e+06
2.418409e+05	3.389004e+06
2.418409e+05	3.389004e+06
2.418409e+05	3.389004e+06
2.418409e+05	3.389004e+06
2.418409e+05	3.389004e+06
2.418409e+05	3.389004e+06
2.418409e+05	3.389004e+06
2.418409e+05	3.389004e+06
2.418409e+05	3.389004e+06
2.418409e+05	3.389003e+06
2.418409e+05	3.389003e+06
2.418409e+05	3.389003e+06
2.418409e+05	3.389003e+06
2.418409e+05	3.389003e+06
2.418409e+05	3.389003e+06
2.418409e+05	3.389003e+06
2.418409e+05	3.389003e+06
2.418409e+05	3.389003e+06
2.418409e+05	3.389003e+06
2.418409e+05	3.389003e+06
2.418409e+05	3.389003e+06
2.418409e+05	3.389003e+06
2.418409e+05	3.389003e+06
2.418409e+05	3.389003e+06
2.418409e+05	3.389003e+06
2.418409e+05	3.389003e+06
2.418409e+05	3.389003e+06
2.418409e+05	3.389003e+06
2.418409e+05	3.389003e+06
