2.415090e+05	3.391985e+06
2.415090e+05	3.391985e+06
2.415087e+05	3.391986e+06
2.415084e+05	3.391986e+06
2.415084e+05	3.391986e+06
2.415084e+05	3.391986e+06
2.415090e+05	3.391985e+06
2.415093e+05	3.391985e+06
2.415094e+05	3.391985e+06
2.415092e+05	3.391985e+06
2.415090e+05	3.391985e+06
2.415090e+05	3.391985e+06
2.415090e+05	3.391985e+06
2.415090e+05	3.391985e+06
2.415092e+05	3.391985e+06
2.415092e+05	3.391985e+06
2.415092e+05	3.391985e+06
2.415092e+05	3.391985e+06
2.415092e+05	3.391985e+06
2.415092e+05	3.391985e+06
2.415092e+05	3.391985e+06
2.415092e+05	3.391985e+06
2.415092e+05	3.391985e+06
2.415092e+05	3.391985e+06
2.415093e+05	3.391985e+06
2.415093e+05	3.391985e+06
2.415093e+05	3.391985e+06
2.415093e+05	3.391985e+06
2.415095e+05	3.391985e+06
2.415128e+05	3.391983e+06
2.415130e+05	3.391983e+06
2.415130e+05	3.391983e+06
2.415147e+05	3.391983e+06
2.415149e+05	3.391983e+06
2.415149e+05	3.391983e+06
2.415149e+05	3.391983e+06
2.415166e+05	3.391982e+06
2.415177e+05	3.391982e+06
2.415187e+05	3.391982e+06
2.415192e+05	3.391982e+06
2.415192e+05	3.391982e+06
2.415197e+05	3.391983e+06
2.415195e+05	3.391983e+06
2.415195e+05	3.391984e+06
2.415192e+05	3.391984e+06
2.415193e+05	3.391984e+06
2.415204e+05	3.391985e+06
2.415216e+05	3.391987e+06
2.415232e+05	3.391990e+06
2.415263e+05	3.391992e+06
2.415304e+05	3.391995e+06
2.415344e+05	3.391998e+06
2.415382e+05	3.392000e+06
2.415421e+05	3.392003e+06
2.415471e+05	3.392006e+06
2.415533e+05	3.392010e+06
2.415598e+05	3.392013e+06
2.415664e+05	3.392017e+06
2.415740e+05	3.392021e+06
2.415821e+05	3.392025e+06
2.415902e+05	3.392030e+06
2.415975e+05	3.392034e+06
2.416057e+05	3.392036e+06
2.416117e+05	3.392040e+06
2.416179e+05	3.392044e+06
2.416239e+05	3.392048e+06
2.416321e+05	3.392051e+06
2.416412e+05	3.392054e+06
2.416472e+05	3.392059e+06
2.416540e+05	3.392064e+06
2.416626e+05	3.392069e+06
2.416733e+05	3.392074e+06
2.416833e+05	3.392079e+06
2.416932e+05	3.392084e+06
2.417016e+05	3.392089e+06
2.417083e+05	3.392095e+06
2.417145e+05	3.392100e+06
2.417202e+05	3.392104e+06
2.417272e+05	3.392108e+06
2.417350e+05	3.392112e+06
2.417428e+05	3.392117e+06
2.417509e+05	3.392123e+06
2.417597e+05	3.392129e+06
2.417689e+05	3.392135e+06
2.417792e+05	3.392141e+06
2.417907e+05	3.392147e+06
2.418033e+05	3.392153e+06
2.418167e+05	3.392159e+06
2.418301e+05	3.392166e+06
2.418437e+05	3.392173e+06
2.418581e+05	3.392181e+06
2.418732e+05	3.392189e+06
2.418886e+05	3.392197e+06
2.419044e+05	3.392205e+06
2.419211e+05	3.392213e+06
2.419379e+05	3.392220e+06
2.419555e+05	3.392227e+06
2.419737e+05	3.392234e+06
2.419919e+05	3.392240e+06
2.420098e+05	3.392246e+06
2.420283e+05	3.392251e+06
2.420465e+05	3.392256e+06
2.420641e+05	3.392261e+06
2.420816e+05	3.392266e+06
2.420984e+05	3.392272e+06
2.421155e+05	3.392276e+06
2.421322e+05	3.392281e+06
2.421494e+05	3.392286e+06
2.421658e+05	3.392290e+06
2.421819e+05	3.392294e+06
2.421988e+05	3.392299e+06
2.422157e+05	3.392303e+06
2.422331e+05	3.392307e+06
2.422497e+05	3.392312e+06
2.422670e+05	3.392317e+06
2.422847e+05	3.392322e+06
2.423020e+05	3.392326e+06
2.423201e+05	3.392331e+06
2.423375e+05	3.392335e+06
2.423552e+05	3.392339e+06
2.423726e+05	3.392343e+06
2.423901e+05	3.392348e+06
2.424081e+05	3.392352e+06
2.424258e+05	3.392357e+06
2.424430e+05	3.392360e+06
2.424605e+05	3.392364e+06
2.424768e+05	3.392369e+06
2.424927e+05	3.392373e+06
2.425081e+05	3.392377e+06
2.425239e+05	3.392381e+06
2.425393e+05	3.392385e+06
2.425541e+05	3.392388e+06
2.425688e+05	3.392393e+06
2.425841e+05	3.392397e+06
2.425997e+05	3.392401e+06
2.426153e+05	3.392406e+06
2.426311e+05	3.392410e+06
2.426467e+05	3.392415e+06
2.426623e+05	3.392420e+06
2.426776e+05	3.392425e+06
2.426933e+05	3.392430e+06
2.427088e+05	3.392437e+06
2.427245e+05	3.392443e+06
2.427400e+05	3.392450e+06
2.427550e+05	3.392457e+06
2.427702e+05	3.392465e+06
2.427853e+05	3.392472e+06
2.428000e+05	3.392480e+06
2.428139e+05	3.392487e+06
2.428275e+05	3.392495e+06
2.428411e+05	3.392502e+06
2.428555e+05	3.392508e+06
2.428696e+05	3.392515e+06
2.428830e+05	3.392522e+06
2.428963e+05	3.392528e+06
2.429103e+05	3.392534e+06
2.429250e+05	3.392539e+06
2.429397e+05	3.392545e+06
2.429553e+05	3.392551e+06
2.429715e+05	3.392557e+06
2.429899e+05	3.392563e+06
2.430079e+05	3.392570e+06
2.430237e+05	3.392576e+06
2.430399e+05	3.392582e+06
2.430571e+05	3.392588e+06
2.430745e+05	3.392595e+06
2.430920e+05	3.392602e+06
2.431107e+05	3.392609e+06
2.431299e+05	3.392616e+06
2.431502e+05	3.392624e+06
2.431687e+05	3.392632e+06
2.431842e+05	3.392639e+06
2.431901e+05	3.392641e+06
2.431859e+05	3.392638e+06
2.432036e+05	3.392645e+06
2.432204e+05	3.392650e+06
2.432373e+05	3.392657e+06
2.432535e+05	3.392662e+06
2.432705e+05	3.392668e+06
2.432863e+05	3.392673e+06
2.433007e+05	3.392677e+06
2.433114e+05	3.392680e+06
2.433195e+05	3.392681e+06
2.433304e+05	3.392682e+06
2.433381e+05	3.392683e+06
2.433475e+05	3.392684e+06
2.433565e+05	3.392685e+06
2.433653e+05	3.392686e+06
2.433757e+05	3.392687e+06
2.433871e+05	3.392688e+06
2.434010e+05	3.392689e+06
2.434168e+05	3.392691e+06
2.434345e+05	3.392693e+06
2.434517e+05	3.392694e+06
2.434683e+05	3.392694e+06
2.434843e+05	3.392693e+06
2.435004e+05	3.392692e+06
2.435163e+05	3.392691e+06
2.435300e+05	3.392688e+06
2.435447e+05	3.392686e+06
2.435594e+05	3.392684e+06
2.435729e+05	3.392681e+06
2.435854e+05	3.392679e+06
2.435982e+05	3.392676e+06
2.436106e+05	3.392673e+06
2.436234e+05	3.392669e+06
2.436361e+05	3.392665e+06
2.436493e+05	3.392661e+06
2.436620e+05	3.392656e+06
2.436739e+05	3.392651e+06
2.436841e+05	3.392647e+06
2.436917e+05	3.392643e+06
2.436969e+05	3.392641e+06
2.437015e+05	3.392638e+06
2.437058e+05	3.392636e+06
2.437101e+05	3.392634e+06
2.437140e+05	3.392632e+06
2.437176e+05	3.392630e+06
2.437203e+05	3.392629e+06
2.437219e+05	3.392628e+06
2.437227e+05	3.392628e+06
2.437233e+05	3.392627e+06
2.437243e+05	3.392627e+06
2.437260e+05	3.392625e+06
2.437292e+05	3.392624e+06
2.437336e+05	3.392621e+06
2.437383e+05	3.392619e+06
2.437429e+05	3.392616e+06
2.437481e+05	3.392613e+06
2.437541e+05	3.392610e+06
2.437606e+05	3.392607e+06
2.437667e+05	3.392603e+06
2.437721e+05	3.392599e+06
2.437782e+05	3.392595e+06
2.437850e+05	3.392591e+06
2.437917e+05	3.392586e+06
2.437983e+05	3.392581e+06
2.438052e+05	3.392576e+06
2.438118e+05	3.392570e+06
2.438189e+05	3.392565e+06
2.438258e+05	3.392560e+06
2.438322e+05	3.392554e+06
2.438382e+05	3.392549e+06
2.438434e+05	3.392545e+06
2.438484e+05	3.392540e+06
2.438542e+05	3.392536e+06
2.438601e+05	3.392531e+06
2.438666e+05	3.392526e+06
2.438736e+05	3.392520e+06
2.438810e+05	3.392513e+06
2.438890e+05	3.392507e+06
2.438973e+05	3.392500e+06
2.439054e+05	3.392493e+06
2.439136e+05	3.392486e+06
2.439219e+05	3.392478e+06
2.439303e+05	3.392471e+06
2.439393e+05	3.392463e+06
2.439480e+05	3.392456e+06
2.439566e+05	3.392448e+06
2.439649e+05	3.392440e+06
2.439734e+05	3.392433e+06
2.439820e+05	3.392425e+06
2.439906e+05	3.392417e+06
2.439995e+05	3.392409e+06
2.440088e+05	3.392401e+06
2.440183e+05	3.392392e+06
2.440282e+05	3.392383e+06
2.440384e+05	3.392375e+06
2.440489e+05	3.392366e+06
2.440597e+05	3.392356e+06
2.440708e+05	3.392346e+06
2.440821e+05	3.392337e+06
2.440938e+05	3.392327e+06
2.441054e+05	3.392316e+06
2.441171e+05	3.392306e+06
2.441289e+05	3.392295e+06
2.441408e+05	3.392285e+06
2.441529e+05	3.392275e+06
2.441649e+05	3.392264e+06
2.441770e+05	3.392254e+06
2.441892e+05	3.392244e+06
2.442013e+05	3.392233e+06
2.442135e+05	3.392222e+06
2.442257e+05	3.392212e+06
2.442379e+05	3.392201e+06
2.442501e+05	3.392190e+06
2.442622e+05	3.392180e+06
2.442744e+05	3.392169e+06
2.442866e+05	3.392158e+06
2.442990e+05	3.392148e+06
2.443112e+05	3.392137e+06
2.443236e+05	3.392126e+06
2.443360e+05	3.392115e+06
2.443484e+05	3.392105e+06
2.443607e+05	3.392094e+06
2.443731e+05	3.392083e+06
2.443855e+05	3.392073e+06
2.443982e+05	3.392062e+06
2.444107e+05	3.392051e+06
2.444234e+05	3.392040e+06
2.444358e+05	3.392029e+06
2.444486e+05	3.392018e+06
2.444615e+05	3.392007e+06
2.444742e+05	3.391996e+06
2.444869e+05	3.391985e+06
2.444994e+05	3.391974e+06
2.445116e+05	3.391964e+06
2.445235e+05	3.391954e+06
2.445353e+05	3.391944e+06
2.445464e+05	3.391934e+06
2.445572e+05	3.391924e+06
2.445677e+05	3.391915e+06
2.445779e+05	3.391906e+06
2.445879e+05	3.391898e+06
2.445978e+05	3.391889e+06
2.446073e+05	3.391881e+06
2.446167e+05	3.391873e+06
2.446263e+05	3.391864e+06
2.446359e+05	3.391856e+06
2.446454e+05	3.391848e+06
2.446551e+05	3.391839e+06
2.446650e+05	3.391831e+06
2.446749e+05	3.391822e+06
2.446847e+05	3.391814e+06
2.446946e+05	3.391805e+06
2.447046e+05	3.391796e+06
2.447148e+05	3.391788e+06
2.447248e+05	3.391779e+06
2.447346e+05	3.391770e+06
2.447441e+05	3.391762e+06
2.447535e+05	3.391754e+06
2.447629e+05	3.391745e+06
2.447725e+05	3.391737e+06
2.447822e+05	3.391728e+06
2.447924e+05	3.391720e+06
2.448025e+05	3.391711e+06
2.448130e+05	3.391702e+06
2.448234e+05	3.391693e+06
2.448342e+05	3.391684e+06
2.448447e+05	3.391674e+06
2.448550e+05	3.391665e+06
2.448654e+05	3.391657e+06
2.448757e+05	3.391648e+06
2.448864e+05	3.391638e+06
2.448973e+05	3.391629e+06
2.449085e+05	3.391620e+06
2.449193e+05	3.391611e+06
2.449303e+05	3.391601e+06
2.449412e+05	3.391592e+06
2.449524e+05	3.391582e+06
2.449639e+05	3.391572e+06
2.449757e+05	3.391562e+06
2.449879e+05	3.391551e+06
2.450000e+05	3.391541e+06
2.450122e+05	3.391530e+06
2.450244e+05	3.391520e+06
2.450368e+05	3.391509e+06
2.450495e+05	3.391498e+06
2.450622e+05	3.391487e+06
2.450750e+05	3.391475e+06
2.450880e+05	3.391464e+06
2.451012e+05	3.391452e+06
2.451140e+05	3.391441e+06
2.451270e+05	3.391430e+06
2.451397e+05	3.391419e+06
2.451523e+05	3.391408e+06
2.451648e+05	3.391397e+06
2.451770e+05	3.391386e+06
2.451894e+05	3.391376e+06
2.452018e+05	3.391365e+06
2.452140e+05	3.391355e+06
2.452261e+05	3.391344e+06
2.452380e+05	3.391334e+06
2.452496e+05	3.391324e+06
2.452607e+05	3.391315e+06
2.452714e+05	3.391306e+06
2.452819e+05	3.391297e+06
2.452919e+05	3.391289e+06
2.453018e+05	3.391280e+06
2.453118e+05	3.391272e+06
2.453225e+05	3.391263e+06
2.453331e+05	3.391253e+06
2.453444e+05	3.391244e+06
2.453558e+05	3.391234e+06
2.453676e+05	3.391223e+06
2.453798e+05	3.391213e+06
2.453922e+05	3.391202e+06
2.454047e+05	3.391191e+06
2.454173e+05	3.391180e+06
2.454300e+05	3.391169e+06
2.454425e+05	3.391158e+06
2.454550e+05	3.391147e+06
2.454674e+05	3.391137e+06
2.454795e+05	3.391126e+06
2.454914e+05	3.391116e+06
2.455030e+05	3.391105e+06
2.455147e+05	3.391095e+06
2.455263e+05	3.391085e+06
2.455379e+05	3.391075e+06
2.455496e+05	3.391065e+06
2.455612e+05	3.391054e+06
2.455730e+05	3.391044e+06
2.455847e+05	3.391034e+06
2.455965e+05	3.391023e+06
2.456082e+05	3.391013e+06
2.456200e+05	3.391003e+06
2.456316e+05	3.390993e+06
2.456432e+05	3.390983e+06
2.456546e+05	3.390973e+06
2.456661e+05	3.390963e+06
2.456776e+05	3.390953e+06
2.456893e+05	3.390943e+06
2.457010e+05	3.390933e+06
2.457124e+05	3.390923e+06
2.457242e+05	3.390913e+06
2.457358e+05	3.390903e+06
2.457472e+05	3.390893e+06
2.457582e+05	3.390883e+06
2.457690e+05	3.390874e+06
2.457797e+05	3.390865e+06
2.457905e+05	3.390855e+06
2.458014e+05	3.390846e+06
2.458129e+05	3.390836e+06
2.458246e+05	3.390826e+06
2.458362e+05	3.390816e+06
2.458478e+05	3.390806e+06
2.458590e+05	3.390796e+06
2.458698e+05	3.390787e+06
2.458803e+05	3.390778e+06
2.458908e+05	3.390768e+06
2.459010e+05	3.390760e+06
2.459111e+05	3.390751e+06
2.459218e+05	3.390742e+06
2.459325e+05	3.390733e+06
2.459431e+05	3.390723e+06
2.459538e+05	3.390714e+06
2.459646e+05	3.390704e+06
2.459757e+05	3.390694e+06
2.459869e+05	3.390683e+06
2.459983e+05	3.390672e+06
2.460099e+05	3.390661e+06
2.460221e+05	3.390649e+06
2.460338e+05	3.390637e+06
2.460460e+05	3.390625e+06
2.460584e+05	3.390613e+06
2.460707e+05	3.390600e+06
2.460829e+05	3.390588e+06
2.460952e+05	3.390575e+06
2.461074e+05	3.390562e+06
2.461192e+05	3.390549e+06
2.461311e+05	3.390536e+06
2.461427e+05	3.390523e+06
2.461544e+05	3.390510e+06
2.461659e+05	3.390496e+06
2.461775e+05	3.390483e+06
2.461890e+05	3.390469e+06
2.462006e+05	3.390455e+06
2.462121e+05	3.390440e+06
2.462238e+05	3.390425e+06
2.462354e+05	3.390410e+06
2.462470e+05	3.390395e+06
2.462585e+05	3.390379e+06
2.462701e+05	3.390363e+06
2.462814e+05	3.390347e+06
2.462927e+05	3.390331e+06
2.463042e+05	3.390315e+06
2.463156e+05	3.390299e+06
2.463266e+05	3.390283e+06
2.463371e+05	3.390267e+06
2.463473e+05	3.390252e+06
2.463573e+05	3.390236e+06
2.463672e+05	3.390221e+06
2.463769e+05	3.390205e+06
2.463866e+05	3.390189e+06
2.463964e+05	3.390173e+06
2.464063e+05	3.390157e+06
2.464155e+05	3.390141e+06
2.464246e+05	3.390125e+06
2.464336e+05	3.390109e+06
2.464427e+05	3.390092e+06
2.464516e+05	3.390076e+06
2.464603e+05	3.390059e+06
2.464684e+05	3.390043e+06
2.464763e+05	3.390026e+06
2.464842e+05	3.390009e+06
2.464921e+05	3.389992e+06
2.465000e+05	3.389975e+06
2.465078e+05	3.389958e+06
2.465157e+05	3.389941e+06
2.465235e+05	3.389925e+06
2.465313e+05	3.389908e+06
2.465387e+05	3.389892e+06
2.465463e+05	3.389876e+06
2.465536e+05	3.389860e+06
2.465611e+05	3.389844e+06
2.465686e+05	3.389829e+06
2.465760e+05	3.389813e+06
2.465835e+05	3.389797e+06
2.465908e+05	3.389781e+06
2.465981e+05	3.389765e+06
2.466052e+05	3.389748e+06
2.466123e+05	3.389731e+06
2.466198e+05	3.389714e+06
2.466272e+05	3.389697e+06
2.466348e+05	3.389680e+06
2.466426e+05	3.389664e+06
2.466503e+05	3.389647e+06
2.466578e+05	3.389631e+06
2.466653e+05	3.389615e+06
2.466724e+05	3.389600e+06
2.466794e+05	3.389585e+06
2.466861e+05	3.389571e+06
2.466927e+05	3.389557e+06
2.466988e+05	3.389544e+06
2.467045e+05	3.389531e+06
2.467097e+05	3.389520e+06
2.467144e+05	3.389510e+06
2.467184e+05	3.389502e+06
2.467217e+05	3.389494e+06
2.467251e+05	3.389487e+06
2.467286e+05	3.389481e+06
2.467321e+05	3.389473e+06
2.467358e+05	3.389466e+06
2.467396e+05	3.389458e+06
2.467428e+05	3.389451e+06
2.467458e+05	3.389444e+06
2.467487e+05	3.389438e+06
2.467515e+05	3.389433e+06
2.467539e+05	3.389427e+06
2.467562e+05	3.389423e+06
2.467583e+05	3.389418e+06
2.467605e+05	3.389414e+06
2.467626e+05	3.389410e+06
2.467648e+05	3.389405e+06
2.467666e+05	3.389401e+06
2.467686e+05	3.389397e+06
2.467705e+05	3.389392e+06
2.467725e+05	3.389388e+06
2.467745e+05	3.389384e+06
2.467765e+05	3.389380e+06
2.467783e+05	3.389377e+06
2.467801e+05	3.389373e+06
2.467820e+05	3.389369e+06
2.467839e+05	3.389364e+06
2.467862e+05	3.389360e+06
2.467885e+05	3.389355e+06
2.467910e+05	3.389350e+06
2.467932e+05	3.389345e+06
2.467957e+05	3.389340e+06
2.467981e+05	3.389335e+06
2.468007e+05	3.389329e+06
2.468036e+05	3.389324e+06
2.468062e+05	3.389318e+06
2.468085e+05	3.389313e+06
2.468107e+05	3.389307e+06
2.468129e+05	3.389302e+06
2.468152e+05	3.389297e+06
2.468174e+05	3.389293e+06
2.468196e+05	3.389288e+06
2.468217e+05	3.389283e+06
2.468240e+05	3.389279e+06
2.468263e+05	3.389274e+06
2.468289e+05	3.389269e+06
2.468313e+05	3.389264e+06
2.468339e+05	3.389259e+06
2.468364e+05	3.389255e+06
2.468387e+05	3.389250e+06
2.468413e+05	3.389245e+06
2.468442e+05	3.389239e+06
2.468472e+05	3.389232e+06
2.468507e+05	3.389225e+06
2.468545e+05	3.389217e+06
2.468583e+05	3.389209e+06
2.468615e+05	3.389202e+06
2.468644e+05	3.389196e+06
2.468673e+05	3.389190e+06
2.468702e+05	3.389184e+06
2.468734e+05	3.389178e+06
2.468763e+05	3.389172e+06
2.468794e+05	3.389165e+06
2.468824e+05	3.389159e+06
2.468858e+05	3.389152e+06
2.468882e+05	3.389145e+06
2.468911e+05	3.389138e+06
2.468942e+05	3.389131e+06
2.468973e+05	3.389124e+06
2.469003e+05	3.389117e+06
2.469037e+05	3.389111e+06
2.469070e+05	3.389104e+06
2.469104e+05	3.389097e+06
2.469141e+05	3.389089e+06
2.469174e+05	3.389081e+06
2.469216e+05	3.389071e+06
2.469272e+05	3.389062e+06
2.469325e+05	3.389051e+06
2.469385e+05	3.389040e+06
2.469441e+05	3.389028e+06
2.469499e+05	3.389017e+06
2.469554e+05	3.389005e+06
2.469614e+05	3.388993e+06
2.469680e+05	3.388980e+06
2.469749e+05	3.388968e+06
2.469821e+05	3.388954e+06
2.469901e+05	3.388941e+06
2.469985e+05	3.388927e+06
2.470072e+05	3.388913e+06
2.470160e+05	3.388900e+06
2.470243e+05	3.388886e+06
2.470317e+05	3.388875e+06
2.470377e+05	3.388865e+06
2.470431e+05	3.388858e+06
2.470478e+05	3.388851e+06
2.470519e+05	3.388845e+06
2.470564e+05	3.388838e+06
2.470604e+05	3.388832e+06
2.470645e+05	3.388827e+06
2.470682e+05	3.388822e+06
2.470711e+05	3.388817e+06
2.470734e+05	3.388814e+06
2.470754e+05	3.388811e+06
2.470775e+05	3.388808e+06
2.470795e+05	3.388805e+06
2.470815e+05	3.388802e+06
2.470836e+05	3.388799e+06
2.470863e+05	3.388795e+06
2.470891e+05	3.388791e+06
2.470925e+05	3.388786e+06
2.470962e+05	3.388780e+06
2.471002e+05	3.388774e+06
2.471045e+05	3.388768e+06
2.471090e+05	3.388762e+06
2.471135e+05	3.388755e+06
2.471184e+05	3.388748e+06
2.471236e+05	3.388741e+06
2.471288e+05	3.388734e+06
2.471342e+05	3.388726e+06
2.471400e+05	3.388718e+06
2.471459e+05	3.388710e+06
2.471517e+05	3.388702e+06
2.471575e+05	3.388694e+06
2.471629e+05	3.388687e+06
2.471679e+05	3.388680e+06
2.471730e+05	3.388672e+06
2.471781e+05	3.388665e+06
2.471836e+05	3.388657e+06
2.471891e+05	3.388650e+06
2.471945e+05	3.388643e+06
2.471998e+05	3.388636e+06
2.472047e+05	3.388629e+06
2.472092e+05	3.388622e+06
2.472135e+05	3.388616e+06
2.472179e+05	3.388610e+06
2.472220e+05	3.388603e+06
2.472267e+05	3.388596e+06
2.472316e+05	3.388589e+06
2.472367e+05	3.388581e+06
2.472421e+05	3.388573e+06
2.472475e+05	3.388564e+06
2.472532e+05	3.388555e+06
2.472583e+05	3.388546e+06
2.472633e+05	3.388537e+06
2.472686e+05	3.388528e+06
2.472736e+05	3.388519e+06
2.472782e+05	3.388510e+06
2.472827e+05	3.388502e+06
2.472868e+05	3.388493e+06
2.472909e+05	3.388485e+06
2.472953e+05	3.388476e+06
2.472998e+05	3.388467e+06
2.473040e+05	3.388458e+06
2.473084e+05	3.388448e+06
2.473130e+05	3.388438e+06
2.473173e+05	3.388428e+06
2.473215e+05	3.388418e+06
2.473254e+05	3.388409e+06
2.473294e+05	3.388399e+06
2.473328e+05	3.388390e+06
2.473365e+05	3.388381e+06
2.473403e+05	3.388372e+06
2.473444e+05	3.388363e+06
2.473486e+05	3.388353e+06
2.473528e+05	3.388343e+06
2.473574e+05	3.388333e+06
2.473623e+05	3.388322e+06
2.473670e+05	3.388311e+06
2.473718e+05	3.388299e+06
2.473768e+05	3.388288e+06
2.473820e+05	3.388276e+06
2.473871e+05	3.388264e+06
2.473926e+05	3.388252e+06
2.473981e+05	3.388239e+06
2.474035e+05	3.388227e+06
2.474090e+05	3.388215e+06
2.474142e+05	3.388203e+06
2.474189e+05	3.388192e+06
2.474236e+05	3.388181e+06
2.474280e+05	3.388171e+06
2.474324e+05	3.388161e+06
2.474366e+05	3.388150e+06
2.474412e+05	3.388140e+06
2.474457e+05	3.388129e+06
2.474506e+05	3.388118e+06
2.474556e+05	3.388106e+06
2.474607e+05	3.388094e+06
2.474660e+05	3.388082e+06
2.474714e+05	3.388070e+06
2.474767e+05	3.388057e+06
2.474818e+05	3.388045e+06
2.474863e+05	3.388034e+06
2.474906e+05	3.388023e+06
2.474947e+05	3.388014e+06
2.474985e+05	3.388005e+06
2.475019e+05	3.387996e+06
2.475054e+05	3.387988e+06
2.475088e+05	3.387980e+06
2.475121e+05	3.387972e+06
2.475151e+05	3.387965e+06
2.475183e+05	3.387958e+06
2.475217e+05	3.387951e+06
2.475250e+05	3.387943e+06
2.475282e+05	3.387936e+06
2.475314e+05	3.387929e+06
2.475346e+05	3.387921e+06
2.475378e+05	3.387913e+06
2.475405e+05	3.387907e+06
2.475427e+05	3.387901e+06
2.475444e+05	3.387896e+06
2.475459e+05	3.387893e+06
2.475470e+05	3.387890e+06
2.475474e+05	3.387888e+06
2.475483e+05	3.387886e+06
2.475491e+05	3.387885e+06
2.475500e+05	3.387883e+06
2.475509e+05	3.387882e+06
2.475515e+05	3.387880e+06
2.475521e+05	3.387879e+06
2.475528e+05	3.387878e+06
2.475534e+05	3.387877e+06
2.475543e+05	3.387875e+06
2.475554e+05	3.387873e+06
2.475566e+05	3.387870e+06
2.475581e+05	3.387866e+06
2.475597e+05	3.387862e+06
2.475617e+05	3.387858e+06
2.475637e+05	3.387853e+06
2.475660e+05	3.387847e+06
2.475684e+05	3.387841e+06
2.475708e+05	3.387836e+06
2.475732e+05	3.387830e+06
2.475755e+05	3.387824e+06
2.475776e+05	3.387819e+06
2.475797e+05	3.387814e+06
2.475819e+05	3.387809e+06
2.475843e+05	3.387804e+06
2.475869e+05	3.387798e+06
2.475896e+05	3.387791e+06
2.475926e+05	3.387784e+06
2.475958e+05	3.387776e+06
2.475991e+05	3.387769e+06
2.476028e+05	3.387760e+06
2.476066e+05	3.387751e+06
2.476104e+05	3.387742e+06
2.476140e+05	3.387734e+06
2.476170e+05	3.387727e+06
2.476198e+05	3.387720e+06
2.476225e+05	3.387713e+06
2.476251e+05	3.387707e+06
2.476276e+05	3.387702e+06
2.476301e+05	3.387696e+06
2.476325e+05	3.387690e+06
2.476349e+05	3.387685e+06
2.476377e+05	3.387679e+06
2.476404e+05	3.387672e+06
2.476433e+05	3.387666e+06
2.476462e+05	3.387659e+06
2.476492e+05	3.387652e+06
2.476522e+05	3.387645e+06
2.476551e+05	3.387638e+06
2.476581e+05	3.387631e+06
2.476612e+05	3.387624e+06
2.476642e+05	3.387617e+06
2.476672e+05	3.387610e+06
2.476697e+05	3.387604e+06
2.476715e+05	3.387600e+06
2.476732e+05	3.387596e+06
2.476744e+05	3.387593e+06
2.476751e+05	3.387592e+06
2.476756e+05	3.387591e+06
2.476762e+05	3.387590e+06
2.476768e+05	3.387588e+06
2.476774e+05	3.387587e+06
2.476782e+05	3.387586e+06
2.476791e+05	3.387583e+06
2.476803e+05	3.387581e+06
2.476820e+05	3.387577e+06
2.476835e+05	3.387573e+06
2.476852e+05	3.387569e+06
2.476865e+05	3.387566e+06
2.476880e+05	3.387562e+06
2.476896e+05	3.387559e+06
2.476912e+05	3.387555e+06
2.476929e+05	3.387552e+06
2.476948e+05	3.387548e+06
2.476963e+05	3.387545e+06
2.476976e+05	3.387542e+06
2.476988e+05	3.387538e+06
2.477002e+05	3.387535e+06
2.477014e+05	3.387532e+06
2.477026e+05	3.387529e+06
2.477038e+05	3.387526e+06
2.477050e+05	3.387523e+06
2.477062e+05	3.387520e+06
2.477078e+05	3.387516e+06
2.477093e+05	3.387512e+06
2.477109e+05	3.387508e+06
2.477126e+05	3.387504e+06
2.477143e+05	3.387500e+06
2.477158e+05	3.387496e+06
2.477174e+05	3.387492e+06
2.477188e+05	3.387489e+06
2.477203e+05	3.387485e+06
2.477217e+05	3.387482e+06
2.477230e+05	3.387479e+06
2.477247e+05	3.387475e+06
2.477262e+05	3.387472e+06
2.477281e+05	3.387467e+06
2.477302e+05	3.387463e+06
2.477322e+05	3.387459e+06
2.477341e+05	3.387454e+06
2.477361e+05	3.387450e+06
2.477379e+05	3.387445e+06
2.477399e+05	3.387441e+06
2.477417e+05	3.387437e+06
2.477436e+05	3.387433e+06
2.477455e+05	3.387428e+06
2.477475e+05	3.387423e+06
2.477495e+05	3.387419e+06
2.477513e+05	3.387414e+06
2.477531e+05	3.387410e+06
2.477549e+05	3.387405e+06
2.477567e+05	3.387401e+06
2.477585e+05	3.387397e+06
2.477604e+05	3.387392e+06
2.477622e+05	3.387388e+06
2.477640e+05	3.387383e+06
2.477657e+05	3.387379e+06
2.477675e+05	3.387375e+06
2.477695e+05	3.387371e+06
2.477714e+05	3.387366e+06
2.477736e+05	3.387361e+06
2.477757e+05	3.387357e+06
2.477780e+05	3.387352e+06
2.477802e+05	3.387346e+06
2.477825e+05	3.387341e+06
2.477850e+05	3.387336e+06
2.477874e+05	3.387330e+06
2.477901e+05	3.387324e+06
2.477930e+05	3.387317e+06
2.477959e+05	3.387310e+06
2.477990e+05	3.387302e+06
2.478021e+05	3.387295e+06
2.478053e+05	3.387288e+06
2.478082e+05	3.387281e+06
2.478110e+05	3.387275e+06
2.478136e+05	3.387268e+06
2.478163e+05	3.387262e+06
2.478189e+05	3.387255e+06
2.478216e+05	3.387249e+06
2.478240e+05	3.387242e+06
2.478265e+05	3.387236e+06
2.478289e+05	3.387231e+06
2.478313e+05	3.387225e+06
2.478340e+05	3.387218e+06
2.478372e+05	3.387211e+06
2.478409e+05	3.387203e+06
2.478436e+05	3.387195e+06
2.478463e+05	3.387188e+06
2.478488e+05	3.387181e+06
2.478509e+05	3.387175e+06
2.478535e+05	3.387168e+06
2.478561e+05	3.387162e+06
2.478584e+05	3.387157e+06
2.478606e+05	3.387152e+06
2.478626e+05	3.387147e+06
2.478649e+05	3.387142e+06
2.478673e+05	3.387137e+06
2.478699e+05	3.387131e+06
2.478725e+05	3.387125e+06
2.478752e+05	3.387118e+06
2.478782e+05	3.387112e+06
2.478805e+05	3.387106e+06
2.478823e+05	3.387101e+06
2.478835e+05	3.387097e+06
2.478847e+05	3.387093e+06
2.478862e+05	3.387089e+06
2.478875e+05	3.387085e+06
2.478892e+05	3.387081e+06
2.478907e+05	3.387077e+06
2.478922e+05	3.387072e+06
2.478939e+05	3.387068e+06
2.478959e+05	3.387064e+06
2.478980e+05	3.387060e+06
2.479001e+05	3.387055e+06
2.479022e+05	3.387049e+06
2.479054e+05	3.387043e+06
2.479079e+05	3.387038e+06
2.479100e+05	3.387033e+06
2.479120e+05	3.387028e+06
2.479138e+05	3.387023e+06
2.479157e+05	3.387019e+06
2.479179e+05	3.387014e+06
2.479198e+05	3.387009e+06
2.479219e+05	3.387003e+06
2.479239e+05	3.386998e+06
2.479262e+05	3.386993e+06
2.479283e+05	3.386988e+06
2.479303e+05	3.386983e+06
2.479322e+05	3.386978e+06
2.479343e+05	3.386973e+06
2.479366e+05	3.386967e+06
2.479392e+05	3.386962e+06
2.479413e+05	3.386956e+06
2.479436e+05	3.386950e+06
2.479458e+05	3.386944e+06
2.479483e+05	3.386938e+06
2.479505e+05	3.386932e+06
2.479528e+05	3.386926e+06
2.479547e+05	3.386920e+06
2.479567e+05	3.386915e+06
2.479583e+05	3.386910e+06
2.479601e+05	3.386904e+06
2.479620e+05	3.386899e+06
2.479641e+05	3.386892e+06
2.479665e+05	3.386886e+06
2.479689e+05	3.386879e+06
2.479710e+05	3.386872e+06
2.479730e+05	3.386866e+06
2.479747e+05	3.386859e+06
2.479768e+05	3.386853e+06
2.479786e+05	3.386846e+06
2.479806e+05	3.386839e+06
2.479824e+05	3.386832e+06
2.479842e+05	3.386825e+06
2.479856e+05	3.386818e+06
2.479871e+05	3.386812e+06
2.479882e+05	3.386805e+06
2.479893e+05	3.386799e+06
2.479903e+05	3.386793e+06
2.479909e+05	3.386786e+06
2.479914e+05	3.386780e+06
2.479922e+05	3.386773e+06
2.479927e+05	3.386766e+06
2.479933e+05	3.386759e+06
2.479940e+05	3.386751e+06
2.479949e+05	3.386743e+06
2.479971e+05	3.386734e+06
2.479990e+05	3.386726e+06
2.480015e+05	3.386717e+06
2.480040e+05	3.386707e+06
2.480074e+05	3.386697e+06
2.480114e+05	3.386688e+06
2.480149e+05	3.386677e+06
2.480201e+05	3.386667e+06
2.480269e+05	3.386656e+06
2.480341e+05	3.386647e+06
2.480413e+05	3.386640e+06
2.480480e+05	3.386633e+06
2.480540e+05	3.386628e+06
2.480593e+05	3.386624e+06
2.480640e+05	3.386620e+06
2.480676e+05	3.386618e+06
2.480706e+05	3.386616e+06
2.480722e+05	3.386615e+06
2.480732e+05	3.386615e+06
2.480747e+05	3.386614e+06
2.480765e+05	3.386613e+06
2.480788e+05	3.386611e+06
2.480807e+05	3.386610e+06
2.480829e+05	3.386609e+06
2.480861e+05	3.386608e+06
2.480899e+05	3.386606e+06
2.480939e+05	3.386605e+06
2.480983e+05	3.386602e+06
2.481027e+05	3.386601e+06
2.481069e+05	3.386599e+06
2.481096e+05	3.386598e+06
2.481124e+05	3.386597e+06
2.481154e+05	3.386596e+06
2.481170e+05	3.386595e+06
2.481191e+05	3.386594e+06
2.481205e+05	3.386594e+06
2.481226e+05	3.386593e+06
2.481243e+05	3.386593e+06
2.481253e+05	3.386593e+06
2.481267e+05	3.386592e+06
2.481280e+05	3.386592e+06
2.481292e+05	3.386591e+06
2.481292e+05	3.386591e+06
2.481292e+05	3.386591e+06
2.481292e+05	3.386591e+06
2.481292e+05	3.386591e+06
2.481292e+05	3.386591e+06
2.481292e+05	3.386591e+06
2.481297e+05	3.386590e+06
2.481302e+05	3.386590e+06
2.481306e+05	3.386590e+06
2.481313e+05	3.386590e+06
2.481322e+05	3.386589e+06
2.481338e+05	3.386589e+06
2.481356e+05	3.386588e+06
2.481378e+05	3.386588e+06
2.481403e+05	3.386588e+06
2.481437e+05	3.386587e+06
2.481474e+05	3.386588e+06
2.481511e+05	3.386588e+06
2.481546e+05	3.386589e+06
2.481586e+05	3.386590e+06
2.481627e+05	3.386591e+06
2.481670e+05	3.386591e+06
2.481716e+05	3.386590e+06
2.481759e+05	3.386589e+06
2.481800e+05	3.386589e+06
2.481840e+05	3.386589e+06
2.481880e+05	3.386589e+06
2.481919e+05	3.386590e+06
2.481962e+05	3.386591e+06
2.482004e+05	3.386591e+06
2.482047e+05	3.386590e+06
2.482085e+05	3.386590e+06
2.482127e+05	3.386590e+06
2.482169e+05	3.386590e+06
2.482213e+05	3.386590e+06
2.482258e+05	3.386590e+06
2.482304e+05	3.386589e+06
2.482351e+05	3.386589e+06
2.482405e+05	3.386587e+06
2.482457e+05	3.386586e+06
2.482508e+05	3.386585e+06
2.482554e+05	3.386584e+06
2.482598e+05	3.386581e+06
2.482641e+05	3.386579e+06
2.482676e+05	3.386577e+06
2.482708e+05	3.386576e+06
2.482736e+05	3.386576e+06
2.482763e+05	3.386575e+06
2.482795e+05	3.386575e+06
2.482821e+05	3.386574e+06
2.482846e+05	3.386574e+06
2.482877e+05	3.386574e+06
2.482909e+05	3.386573e+06
2.482937e+05	3.386573e+06
2.482958e+05	3.386573e+06
2.482976e+05	3.386573e+06
2.482988e+05	3.386573e+06
2.483000e+05	3.386573e+06
2.483020e+05	3.386573e+06
2.483044e+05	3.386573e+06
2.483068e+05	3.386573e+06
2.483095e+05	3.386572e+06
2.483127e+05	3.386572e+06
2.483169e+05	3.386571e+06
2.483218e+05	3.386571e+06
2.483271e+05	3.386570e+06
2.483327e+05	3.386570e+06
2.483379e+05	3.386569e+06
2.483430e+05	3.386568e+06
2.483478e+05	3.386567e+06
2.483521e+05	3.386567e+06
2.483568e+05	3.386566e+06
2.483615e+05	3.386566e+06
2.483662e+05	3.386565e+06
2.483708e+05	3.386564e+06
2.483751e+05	3.386563e+06
2.483797e+05	3.386562e+06
2.483842e+05	3.386562e+06
2.483889e+05	3.386561e+06
2.483937e+05	3.386560e+06
2.483982e+05	3.386559e+06
2.484023e+05	3.386558e+06
2.484066e+05	3.386558e+06
2.484111e+05	3.386557e+06
2.484152e+05	3.386556e+06
2.484198e+05	3.386555e+06
2.484243e+05	3.386555e+06
2.484288e+05	3.386553e+06
2.484332e+05	3.386553e+06
2.484377e+05	3.386552e+06
2.484425e+05	3.386551e+06
2.484474e+05	3.386551e+06
2.484522e+05	3.386550e+06
2.484570e+05	3.386550e+06
2.484621e+05	3.386550e+06
2.484664e+05	3.386549e+06
2.484693e+05	3.386548e+06
2.484708e+05	3.386547e+06
2.484731e+05	3.386546e+06
2.484753e+05	3.386546e+06
2.484786e+05	3.386545e+06
2.484835e+05	3.386543e+06
2.484888e+05	3.386542e+06
2.484944e+05	3.386540e+06
2.485001e+05	3.386539e+06
2.485056e+05	3.386537e+06
2.485106e+05	3.386536e+06
2.485157e+05	3.386534e+06
2.485210e+05	3.386532e+06
2.485264e+05	3.386531e+06
2.485315e+05	3.386529e+06
2.485363e+05	3.386528e+06
2.485407e+05	3.386526e+06
2.485453e+05	3.386525e+06
2.485493e+05	3.386523e+06
2.485533e+05	3.386522e+06
2.485575e+05	3.386520e+06
2.485621e+05	3.386518e+06
2.485658e+05	3.386516e+06
2.485712e+05	3.386513e+06
2.485753e+05	3.386512e+06
2.485796e+05	3.386511e+06
2.485829e+05	3.386510e+06
2.485857e+05	3.386507e+06
2.518153e+05	3.381333e+06
2.518384e+05	3.381309e+06
2.518534e+05	3.381307e+06
2.518598e+05	3.381298e+06
2.518733e+05	3.381287e+06
2.518857e+05	3.381278e+06
2.518990e+05	3.381269e+06
2.519122e+05	3.381260e+06
2.519253e+05	3.381252e+06
2.519379e+05	3.381243e+06
2.519509e+05	3.381235e+06
2.519638e+05	3.381226e+06
2.519770e+05	3.381217e+06
2.519898e+05	3.381209e+06
2.520032e+05	3.381201e+06
2.520168e+05	3.381192e+06
2.520298e+05	3.381183e+06
2.520428e+05	3.381174e+06
2.520549e+05	3.381166e+06
2.520672e+05	3.381157e+06
2.520804e+05	3.381147e+06
2.520938e+05	3.381137e+06
2.521073e+05	3.381128e+06
2.521204e+05	3.381119e+06
2.521342e+05	3.381109e+06
2.521489e+05	3.381099e+06
2.521642e+05	3.381088e+06
2.521798e+05	3.381077e+06
2.521968e+05	3.381066e+06
2.522140e+05	3.381054e+06
2.522313e+05	3.381044e+06
2.522487e+05	3.381034e+06
2.522661e+05	3.381024e+06
2.522831e+05	3.381014e+06
2.523000e+05	3.381003e+06
2.523171e+05	3.380992e+06
2.523339e+05	3.380981e+06
2.523510e+05	3.380970e+06
2.523681e+05	3.380959e+06
2.523853e+05	3.380948e+06
2.524024e+05	3.380937e+06
2.524194e+05	3.380927e+06
2.524361e+05	3.380916e+06
2.524525e+05	3.380905e+06
2.524686e+05	3.380894e+06
2.524844e+05	3.380883e+06
2.524996e+05	3.380871e+06
2.525147e+05	3.380859e+06
2.525291e+05	3.380847e+06
2.525434e+05	3.380834e+06
2.525572e+05	3.380821e+06
2.525707e+05	3.380808e+06
2.525836e+05	3.380795e+06
2.525960e+05	3.380781e+06
2.526082e+05	3.380768e+06
2.527272e+05	3.380521e+06
2.527320e+05	3.380506e+06
2.527358e+05	3.380492e+06
2.527372e+05	3.380478e+06
2.527380e+05	3.380462e+06
2.527407e+05	3.380447e+06
2.527360e+05	3.380227e+06
2.527311e+05	3.380208e+06
2.527295e+05	3.380188e+06
2.527279e+05	3.380168e+06
2.527253e+05	3.380151e+06
2.527222e+05	3.380133e+06
2.527205e+05	3.380116e+06
2.527183e+05	3.380100e+06
2.527162e+05	3.380083e+06
2.527139e+05	3.380067e+06
2.527118e+05	3.380051e+06
2.527098e+05	3.380035e+06
2.527077e+05	3.380019e+06
2.527053e+05	3.380003e+06
2.527028e+05	3.379988e+06
2.527007e+05	3.379972e+06
2.526984e+05	3.379957e+06
2.526963e+05	3.379941e+06
2.526942e+05	3.379926e+06
2.526921e+05	3.379910e+06
2.526903e+05	3.379895e+06
2.526885e+05	3.379880e+06
2.526869e+05	3.379866e+06
2.526851e+05	3.379851e+06
2.526832e+05	3.379837e+06
2.526813e+05	3.379823e+06
2.526791e+05	3.379810e+06
2.526770e+05	3.379796e+06
2.526752e+05	3.379783e+06
2.526734e+05	3.379770e+06
2.526716e+05	3.379758e+06
2.526701e+05	3.379747e+06
2.526690e+05	3.379738e+06
2.526681e+05	3.379731e+06
2.526670e+05	3.379724e+06
2.526662e+05	3.379718e+06
2.526653e+05	3.379712e+06
2.526644e+05	3.379706e+06
2.526634e+05	3.379700e+06
2.526626e+05	3.379694e+06
2.526615e+05	3.379687e+06
2.526607e+05	3.379679e+06
2.526600e+05	3.379671e+06
2.526589e+05	3.379662e+06
2.526577e+05	3.379654e+06
2.526566e+05	3.379645e+06
2.526553e+05	3.379637e+06
2.526543e+05	3.379630e+06
2.526534e+05	3.379623e+06
2.526527e+05	3.379618e+06
2.526520e+05	3.379613e+06
2.526516e+05	3.379608e+06
2.526510e+05	3.379604e+06
2.526504e+05	3.379600e+06
2.526497e+05	3.379595e+06
2.526491e+05	3.379589e+06
2.526484e+05	3.379582e+06
2.526478e+05	3.379574e+06
2.526471e+05	3.379566e+06
2.526466e+05	3.379557e+06
2.526457e+05	3.379549e+06
2.526447e+05	3.379541e+06
2.526438e+05	3.379533e+06
2.526428e+05	3.379525e+06
2.526420e+05	3.379517e+06
2.526411e+05	3.379509e+06
2.526403e+05	3.379501e+06
2.526395e+05	3.379493e+06
2.526385e+05	3.379486e+06
2.526379e+05	3.379480e+06
2.526373e+05	3.379474e+06
2.526367e+05	3.379469e+06
2.526363e+05	3.379464e+06
2.526357e+05	3.379459e+06
2.526353e+05	3.379455e+06
2.526349e+05	3.379452e+06
2.526343e+05	3.379448e+06
2.526339e+05	3.379445e+06
2.526335e+05	3.379441e+06
2.526330e+05	3.379438e+06
2.526326e+05	3.379435e+06
2.526322e+05	3.379432e+06
2.526316e+05	3.379428e+06
2.526308e+05	3.379423e+06
2.526301e+05	3.379418e+06
2.526292e+05	3.379412e+06
2.526284e+05	3.379407e+06
2.526278e+05	3.379402e+06
2.526270e+05	3.379396e+06
2.526263e+05	3.379391e+06
2.526255e+05	3.379386e+06
2.526248e+05	3.379381e+06
2.526237e+05	3.379375e+06
2.526226e+05	3.379369e+06
2.526215e+05	3.379362e+06
2.526200e+05	3.379355e+06
2.526184e+05	3.379348e+06
2.526168e+05	3.379340e+06
2.526151e+05	3.379331e+06
2.526138e+05	3.379322e+06
2.526122e+05	3.379313e+06
2.526108e+05	3.379304e+06
2.526090e+05	3.379295e+06
2.526069e+05	3.379286e+06
2.526046e+05	3.379277e+06
2.526021e+05	3.379266e+06
2.525995e+05	3.379257e+06
2.525969e+05	3.379246e+06
2.525942e+05	3.379235e+06
2.525912e+05	3.379224e+06
2.525887e+05	3.379212e+06
2.525858e+05	3.379201e+06
2.525823e+05	3.379189e+06
2.525796e+05	3.379178e+06
2.525773e+05	3.379166e+06
2.525745e+05	3.379155e+06
2.525704e+05	3.379144e+06
2.525661e+05	3.379133e+06
2.525616e+05	3.379123e+06
2.525571e+05	3.379112e+06
2.525526e+05	3.379101e+06
2.525474e+05	3.379090e+06
2.525426e+05	3.379079e+06
2.525375e+05	3.379066e+06
2.525326e+05	3.379054e+06
2.525275e+05	3.379040e+06
2.525224e+05	3.379027e+06
2.525170e+05	3.379014e+06
2.525114e+05	3.379000e+06
2.525058e+05	3.378987e+06
2.525024e+05	3.378973e+06
2.524980e+05	3.378961e+06
2.524945e+05	3.378949e+06
2.524914e+05	3.378940e+06
2.524882e+05	3.378932e+06
2.524853e+05	3.378924e+06
2.524837e+05	3.378916e+06
2.524809e+05	3.378908e+06
2.524771e+05	3.378902e+06
2.524736e+05	3.378895e+06
2.524704e+05	3.378887e+06
2.524670e+05	3.378879e+06
2.524638e+05	3.378871e+06
2.524602e+05	3.378862e+06
2.524569e+05	3.378853e+06
2.524538e+05	3.378843e+06
2.524507e+05	3.378834e+06
2.524470e+05	3.378824e+06
2.524431e+05	3.378814e+06
2.524393e+05	3.378804e+06
2.524353e+05	3.378795e+06
2.524312e+05	3.378786e+06
2.524273e+05	3.378777e+06
2.524238e+05	3.378767e+06
2.524202e+05	3.378757e+06
2.524164e+05	3.378747e+06
2.524125e+05	3.378737e+06
2.524083e+05	3.378726e+06
2.524040e+05	3.378716e+06
2.524001e+05	3.378706e+06
2.523964e+05	3.378695e+06
2.523924e+05	3.378686e+06
2.523890e+05	3.378675e+06
2.523854e+05	3.378666e+06
2.523823e+05	3.378656e+06
2.523791e+05	3.378647e+06
2.523758e+05	3.378637e+06
2.523722e+05	3.378628e+06
2.523690e+05	3.378621e+06
2.523665e+05	3.378614e+06
2.523646e+05	3.378608e+06
2.523628e+05	3.378602e+06
2.523614e+05	3.378595e+06
2.523594e+05	3.378586e+06
2.523575e+05	3.378578e+06
2.523552e+05	3.378568e+06
2.523518e+05	3.378558e+06
2.523491e+05	3.378548e+06
2.523470e+05	3.378538e+06
2.523442e+05	3.378528e+06
2.523412e+05	3.378519e+06
2.523388e+05	3.378508e+06
2.523361e+05	3.378497e+06
2.523330e+05	3.378486e+06
2.523297e+05	3.378475e+06
2.523254e+05	3.378463e+06
2.523212e+05	3.378452e+06
2.523161e+05	3.378441e+06
2.523112e+05	3.378430e+06
2.523068e+05	3.378419e+06
2.523024e+05	3.378409e+06
2.522986e+05	3.378399e+06
2.522955e+05	3.378388e+06
2.522930e+05	3.378377e+06
2.522905e+05	3.378366e+06
2.522889e+05	3.378356e+06
2.522872e+05	3.378345e+06
2.522856e+05	3.378334e+06
2.522839e+05	3.378322e+06
2.522819e+05	3.378310e+06
2.522800e+05	3.378298e+06
2.522778e+05	3.378286e+06
2.522770e+05	3.378273e+06
2.522753e+05	3.378259e+06
2.522732e+05	3.378245e+06
2.522713e+05	3.378231e+06
2.522693e+05	3.378217e+06
2.522668e+05	3.378203e+06
2.522647e+05	3.378189e+06
2.522633e+05	3.378175e+06
2.522628e+05	3.378161e+06
2.522613e+05	3.378146e+06
2.522586e+05	3.378132e+06
2.522556e+05	3.378119e+06
2.522527e+05	3.378106e+06
2.522500e+05	3.378093e+06
2.522475e+05	3.378079e+06
2.522450e+05	3.378064e+06
2.522423e+05	3.378051e+06
2.522401e+05	3.378037e+06
2.522380e+05	3.378023e+06
2.522361e+05	3.378009e+06
2.522353e+05	3.377996e+06
2.522342e+05	3.377982e+06
2.522323e+05	3.377968e+06
2.522297e+05	3.377954e+06
2.522276e+05	3.377940e+06
2.522254e+05	3.377927e+06
2.522233e+05	3.377913e+06
2.522213e+05	3.377899e+06
2.522192e+05	3.377885e+06
2.522172e+05	3.377871e+06
2.522150e+05	3.377856e+06
2.522130e+05	3.377840e+06
2.522107e+05	3.377824e+06
2.522084e+05	3.377808e+06
2.522061e+05	3.377790e+06
2.522036e+05	3.377773e+06
2.522011e+05	3.377755e+06
2.521988e+05	3.377738e+06
2.521960e+05	3.377720e+06
2.521934e+05	3.377703e+06
2.521906e+05	3.377686e+06
2.521880e+05	3.377669e+06
2.521853e+05	3.377652e+06
2.521829e+05	3.377635e+06
2.521810e+05	3.377617e+06
2.521789e+05	3.377601e+06
2.521767e+05	3.377584e+06
2.521744e+05	3.377567e+06
2.521721e+05	3.377550e+06
2.521698e+05	3.377534e+06
2.521672e+05	3.377517e+06
2.521643e+05	3.377500e+06
2.521616e+05	3.377483e+06
2.521587e+05	3.377466e+06
2.521568e+05	3.377449e+06
2.521552e+05	3.377432e+06
2.521533e+05	3.377415e+06
2.521515e+05	3.377398e+06
2.521503e+05	3.377381e+06
2.521486e+05	3.377364e+06
2.521466e+05	3.377347e+06
2.521450e+05	3.377329e+06
2.521433e+05	3.377311e+06
2.521416e+05	3.377293e+06
2.521394e+05	3.377276e+06
2.521371e+05	3.377259e+06
2.521354e+05	3.377241e+06
2.521337e+05	3.377224e+06
2.521313e+05	3.377207e+06
2.521288e+05	3.377189e+06
2.521263e+05	3.377172e+06
2.521242e+05	3.377155e+06
2.521217e+05	3.377138e+06
2.521194e+05	3.377122e+06
2.521173e+05	3.377105e+06
2.521150e+05	3.377089e+06
2.521125e+05	3.377073e+06
2.521099e+05	3.377057e+06
2.521074e+05	3.377040e+06
2.521053e+05	3.377023e+06
2.521031e+05	3.377006e+06
2.521005e+05	3.376989e+06
2.520980e+05	3.376971e+06
2.520954e+05	3.376954e+06
2.520931e+05	3.376936e+06
2.520906e+05	3.376918e+06
2.520882e+05	3.376900e+06
2.520859e+05	3.376882e+06
2.520834e+05	3.376864e+06
2.520811e+05	3.376846e+06
2.520792e+05	3.376827e+06
2.520776e+05	3.376808e+06
2.520761e+05	3.376789e+06
2.520739e+05	3.376771e+06
2.520723e+05	3.376752e+06
2.520708e+05	3.376732e+06
2.520686e+05	3.376713e+06
2.520659e+05	3.376695e+06
2.520631e+05	3.376676e+06
2.520601e+05	3.376657e+06
2.520572e+05	3.376637e+06
2.520541e+05	3.376617e+06
2.520515e+05	3.376597e+06
2.520485e+05	3.376576e+06
2.520455e+05	3.376556e+06
2.520426e+05	3.376536e+06
2.520401e+05	3.376517e+06
2.520375e+05	3.376497e+06
2.520347e+05	3.376477e+06
2.520320e+05	3.376458e+06
2.520293e+05	3.376439e+06
2.520266e+05	3.376419e+06
2.520239e+05	3.376400e+06
2.520216e+05	3.376381e+06
2.520191e+05	3.376362e+06
2.520169e+05	3.376343e+06
2.520145e+05	3.376324e+06
2.520122e+05	3.376306e+06
2.520097e+05	3.376288e+06
2.520072e+05	3.376270e+06
2.520046e+05	3.376252e+06
2.520022e+05	3.376235e+06
2.520003e+05	3.376218e+06
2.519983e+05	3.376201e+06
2.519963e+05	3.376185e+06
2.519945e+05	3.376169e+06
2.519925e+05	3.376154e+06
2.519906e+05	3.376138e+06
2.519888e+05	3.376123e+06
2.519870e+05	3.376108e+06
2.519856e+05	3.376093e+06
2.519843e+05	3.376079e+06
2.519830e+05	3.376065e+06
2.519819e+05	3.376053e+06
2.519809e+05	3.376042e+06
2.519800e+05	3.376031e+06
2.519792e+05	3.376021e+06
2.519782e+05	3.376011e+06
2.519775e+05	3.376000e+06
2.519766e+05	3.375989e+06
2.519760e+05	3.375978e+06
2.519751e+05	3.375966e+06
2.519742e+05	3.375954e+06
2.519733e+05	3.375941e+06
2.519726e+05	3.375928e+06
2.519718e+05	3.375914e+06
2.519711e+05	3.375901e+06
2.519702e+05	3.375887e+06
2.519694e+05	3.375873e+06
2.519686e+05	3.375858e+06
2.519677e+05	3.375843e+06
2.519668e+05	3.375828e+06
2.519658e+05	3.375813e+06
2.519648e+05	3.375797e+06
2.519638e+05	3.375781e+06
2.519628e+05	3.375764e+06
2.519619e+05	3.375747e+06
2.519607e+05	3.375730e+06
2.519597e+05	3.375713e+06
2.519588e+05	3.375695e+06
2.519578e+05	3.375678e+06
2.519567e+05	3.375659e+06
2.519556e+05	3.375640e+06
2.519546e+05	3.375621e+06
2.519533e+05	3.375602e+06
2.519523e+05	3.375583e+06
2.519510e+05	3.375564e+06
2.519496e+05	3.375545e+06
2.519482e+05	3.375527e+06
2.519469e+05	3.375508e+06
2.519455e+05	3.375490e+06
2.519441e+05	3.375471e+06
2.519429e+05	3.375453e+06
2.519413e+05	3.375434e+06
2.519396e+05	3.375416e+06
2.519376e+05	3.375398e+06
2.519358e+05	3.375380e+06
2.519339e+05	3.375363e+06
2.519323e+05	3.375346e+06
2.519303e+05	3.375330e+06
2.519283e+05	3.375313e+06
2.519262e+05	3.375298e+06
2.519239e+05	3.375282e+06
2.519218e+05	3.375265e+06
2.519196e+05	3.375249e+06
2.519173e+05	3.375232e+06
2.519150e+05	3.375215e+06
2.519125e+05	3.375198e+06
2.519099e+05	3.375180e+06
2.519074e+05	3.375162e+06
2.519049e+05	3.375144e+06
2.519027e+05	3.375126e+06
2.519004e+05	3.375108e+06
2.518984e+05	3.375090e+06
2.518959e+05	3.375072e+06
2.518935e+05	3.375054e+06
2.518915e+05	3.375037e+06
2.518890e+05	3.375019e+06
2.518867e+05	3.375000e+06
2.518842e+05	3.374982e+06
2.518819e+05	3.374963e+06
2.518795e+05	3.374944e+06
2.518773e+05	3.374926e+06
2.518748e+05	3.374906e+06
2.518721e+05	3.374887e+06
2.518696e+05	3.374868e+06
2.518670e+05	3.374847e+06
2.518643e+05	3.374827e+06
2.518616e+05	3.374807e+06
2.518586e+05	3.374787e+06
2.518560e+05	3.374766e+06
2.518535e+05	3.374745e+06
2.518511e+05	3.374724e+06
2.518487e+05	3.374703e+06
2.518460e+05	3.374683e+06
2.518434e+05	3.374662e+06
2.518409e+05	3.374641e+06
2.518383e+05	3.374621e+06
2.518358e+05	3.374601e+06
2.518333e+05	3.374582e+06
2.518306e+05	3.374564e+06
2.518283e+05	3.374546e+06
2.518259e+05	3.374529e+06
2.518239e+05	3.374511e+06
2.518216e+05	3.374494e+06
2.518196e+05	3.374477e+06
2.518176e+05	3.374459e+06
2.518156e+05	3.374442e+06
2.518140e+05	3.374425e+06
2.518125e+05	3.374409e+06
2.518110e+05	3.374393e+06
2.518097e+05	3.374377e+06
2.518083e+05	3.374362e+06
2.518072e+05	3.374346e+06
2.518062e+05	3.374330e+06
2.518048e+05	3.374313e+06
2.518035e+05	3.374296e+06
2.518021e+05	3.374279e+06
2.518009e+05	3.374261e+06
2.517997e+05	3.374244e+06
2.517990e+05	3.374226e+06
2.517988e+05	3.374209e+06
2.517982e+05	3.374192e+06
2.517978e+05	3.374175e+06
2.517968e+05	3.374158e+06
2.517958e+05	3.374141e+06
2.517949e+05	3.374124e+06
2.517939e+05	3.374107e+06
2.517933e+05	3.374090e+06
2.517926e+05	3.374072e+06
2.517920e+05	3.374055e+06
2.517920e+05	3.374038e+06
2.517919e+05	3.374021e+06
2.517920e+05	3.374003e+06
2.517922e+05	3.373985e+06
2.517918e+05	3.373968e+06
2.517911e+05	3.373951e+06
2.517909e+05	3.373934e+06
2.517906e+05	3.373917e+06
2.517903e+05	3.373901e+06
2.517897e+05	3.373885e+06
2.517883e+05	3.373869e+06
2.517871e+05	3.373853e+06
2.517861e+05	3.373837e+06
2.517851e+05	3.373821e+06
2.517841e+05	3.373804e+06
2.517829e+05	3.373788e+06
2.517817e+05	3.373773e+06
2.517806e+05	3.373757e+06
2.517796e+05	3.373741e+06
2.517787e+05	3.373726e+06
2.517777e+05	3.373710e+06
2.517769e+05	3.373695e+06
2.517758e+05	3.373681e+06
2.517745e+05	3.373666e+06
2.517727e+05	3.373653e+06
2.517709e+05	3.373640e+06
2.517688e+05	3.373629e+06
2.517666e+05	3.373618e+06
2.517637e+05	3.373607e+06
2.517607e+05	3.373596e+06
2.517578e+05	3.373586e+06
2.517548e+05	3.373575e+06
2.517516e+05	3.373563e+06
2.517483e+05	3.373552e+06
2.517448e+05	3.373540e+06
2.517414e+05	3.373528e+06
2.517379e+05	3.373516e+06
2.517344e+05	3.373504e+06
2.517309e+05	3.373492e+06
2.517273e+05	3.373480e+06
2.517230e+05	3.373469e+06
2.517180e+05	3.373457e+06
2.517120e+05	3.373447e+06
2.517049e+05	3.373438e+06
2.516967e+05	3.373429e+06
2.516877e+05	3.373422e+06
2.516783e+05	3.373417e+06
2.516684e+05	3.373412e+06
2.516580e+05	3.373410e+06
2.516478e+05	3.373409e+06
2.516384e+05	3.373409e+06
2.516296e+05	3.373409e+06
2.516213e+05	3.373409e+06
2.516126e+05	3.373409e+06
2.516040e+05	3.373409e+06
2.515947e+05	3.373409e+06
2.515849e+05	3.373409e+06
2.515743e+05	3.373408e+06
2.515634e+05	3.373407e+06
2.515525e+05	3.373406e+06
2.515409e+05	3.373404e+06
2.515289e+05	3.373402e+06
2.515166e+05	3.373401e+06
2.515048e+05	3.373399e+06
2.514930e+05	3.373397e+06
2.514814e+05	3.373395e+06
2.514703e+05	3.373393e+06
2.514591e+05	3.373391e+06
2.514481e+05	3.373389e+06
2.514375e+05	3.373387e+06
2.514269e+05	3.373385e+06
2.514166e+05	3.373383e+06
2.514065e+05	3.373381e+06
2.513957e+05	3.373379e+06
2.513843e+05	3.373377e+06
2.513726e+05	3.373375e+06
2.513599e+05	3.373373e+06
2.513465e+05	3.373370e+06
2.513327e+05	3.373368e+06
2.513184e+05	3.373365e+06
2.513039e+05	3.373363e+06
2.512891e+05	3.373360e+06
2.512741e+05	3.373357e+06
2.512590e+05	3.373354e+06
2.512442e+05	3.373351e+06
2.512293e+05	3.373349e+06
2.512143e+05	3.373346e+06
2.511993e+05	3.373343e+06
2.511845e+05	3.373340e+06
2.511699e+05	3.373338e+06
2.511556e+05	3.373335e+06
2.511419e+05	3.373333e+06
2.511302e+05	3.373331e+06
2.511212e+05	3.373329e+06
2.511136e+05	3.373328e+06
2.511074e+05	3.373327e+06
2.511016e+05	3.373326e+06
2.510958e+05	3.373325e+06
2.510905e+05	3.373324e+06
2.510852e+05	3.373323e+06
2.510802e+05	3.373322e+06
2.510752e+05	3.373321e+06
2.510705e+05	3.373321e+06
2.510660e+05	3.373320e+06
2.510617e+05	3.373319e+06
2.510570e+05	3.373318e+06
2.510522e+05	3.373317e+06
2.510469e+05	3.373316e+06
2.510413e+05	3.373316e+06
2.510352e+05	3.373314e+06
2.510286e+05	3.373313e+06
2.510218e+05	3.373312e+06
2.510151e+05	3.373311e+06
2.510085e+05	3.373309e+06
2.510022e+05	3.373308e+06
2.509962e+05	3.373307e+06
2.509909e+05	3.373306e+06
2.509859e+05	3.373305e+06
2.509816e+05	3.373304e+06
2.509777e+05	3.373303e+06
2.509742e+05	3.373302e+06
2.509707e+05	3.373302e+06
2.509673e+05	3.373301e+06
2.509639e+05	3.373300e+06
2.509608e+05	3.373299e+06
2.509583e+05	3.373299e+06
2.509562e+05	3.373298e+06
2.509546e+05	3.373298e+06
2.509531e+05	3.373298e+06
2.509517e+05	3.373298e+06
2.509501e+05	3.373298e+06
2.509483e+05	3.373297e+06
2.509462e+05	3.373297e+06
2.509444e+05	3.373297e+06
2.509428e+05	3.373297e+06
2.509417e+05	3.373296e+06
2.509412e+05	3.373296e+06
2.509412e+05	3.373296e+06
2.509412e+05	3.373296e+06
2.509412e+05	3.373296e+06
2.509412e+05	3.373296e+06
2.509412e+05	3.373296e+06
2.509412e+05	3.373296e+06
2.509412e+05	3.373296e+06
2.509412e+05	3.373296e+06
2.509412e+05	3.373296e+06
2.509412e+05	3.373296e+06
2.509412e+05	3.373296e+06
2.509412e+05	3.373296e+06
2.509412e+05	3.373296e+06
2.509412e+05	3.373296e+06
2.509412e+05	3.373296e+06
2.509412e+05	3.373296e+06
2.509412e+05	3.373296e+06
2.509412e+05	3.373296e+06
2.509412e+05	3.373296e+06
2.509414e+05	3.373296e+06
2.509414e+05	3.373296e+06
2.509414e+05	3.373296e+06
2.509414e+05	3.373296e+06
2.509414e+05	3.373296e+06
2.509414e+05	3.373296e+06
2.509414e+05	3.373296e+06
2.509412e+05	3.373296e+06
2.509412e+05	3.373296e+06
2.509412e+05	3.373296e+06
2.509412e+05	3.373296e+06
2.509412e+05	3.373296e+06
2.509412e+05	3.373296e+06
2.509412e+05	3.373296e+06
2.509407e+05	3.373296e+06
2.509398e+05	3.373296e+06
2.509383e+05	3.373295e+06
2.509365e+05	3.373294e+06
2.509346e+05	3.373294e+06
2.509328e+05	3.373293e+06
2.509311e+05	3.373293e+06
2.509303e+05	3.373293e+06
2.509302e+05	3.373293e+06
2.509302e+05	3.373293e+06
2.509302e+05	3.373293e+06
2.509302e+05	3.373293e+06
2.509302e+05	3.373293e+06
2.509301e+05	3.373293e+06
2.509298e+05	3.373293e+06
2.509285e+05	3.373293e+06
2.509261e+05	3.373292e+06
2.509224e+05	3.373291e+06
2.509171e+05	3.373290e+06
2.509106e+05	3.373289e+06
2.509037e+05	3.373288e+06
2.508971e+05	3.373287e+06
2.508905e+05	3.373286e+06
2.508839e+05	3.373285e+06
2.508778e+05	3.373284e+06
2.508719e+05	3.373282e+06
2.508659e+05	3.373281e+06
2.508600e+05	3.373280e+06
2.508543e+05	3.373278e+06
2.508488e+05	3.373276e+06
2.508437e+05	3.373275e+06
2.508387e+05	3.373274e+06
2.508337e+05	3.373273e+06
2.508282e+05	3.373272e+06
2.508226e+05	3.373271e+06
2.508171e+05	3.373270e+06
2.508122e+05	3.373269e+06
2.508073e+05	3.373268e+06
2.508028e+05	3.373267e+06
2.507985e+05	3.373267e+06
2.507946e+05	3.373266e+06
2.507917e+05	3.373265e+06
2.507903e+05	3.373265e+06
2.507901e+05	3.373265e+06
2.507901e+05	3.373265e+06
2.507901e+05	3.373265e+06
2.507901e+05	3.373265e+06
2.507901e+05	3.373265e+06
2.507901e+05	3.373265e+06
2.507901e+05	3.373265e+06
2.507901e+05	3.373265e+06
2.507901e+05	3.373265e+06
2.507901e+05	3.373265e+06
2.507901e+05	3.373265e+06
2.507901e+05	3.373265e+06
2.507901e+05	3.373265e+06
2.507901e+05	3.373265e+06
2.507901e+05	3.373265e+06
2.507901e+05	3.373265e+06
2.507901e+05	3.373265e+06
2.507901e+05	3.373265e+06
2.507901e+05	3.373265e+06
2.507901e+05	3.373265e+06
2.507901e+05	3.373265e+06
2.507901e+05	3.373265e+06
2.507901e+05	3.373265e+06
2.507901e+05	3.373265e+06
2.507901e+05	3.373265e+06
2.507901e+05	3.373265e+06
2.507901e+05	3.373265e+06
2.507901e+05	3.373265e+06
2.507901e+05	3.373265e+06
2.507901e+05	3.373265e+06
2.507901e+05	3.373265e+06
2.507901e+05	3.373265e+06
2.507901e+05	3.373265e+06
2.507901e+05	3.373265e+06
2.507901e+05	3.373265e+06
2.507901e+05	3.373265e+06
2.507901e+05	3.373265e+06
2.507901e+05	3.373265e+06
2.507901e+05	3.373265e+06
2.507901e+05	3.373265e+06
2.507901e+05	3.373265e+06
2.507901e+05	3.373265e+06
2.507901e+05	3.373265e+06
2.507901e+05	3.373265e+06
2.507901e+05	3.373265e+06
2.507901e+05	3.373265e+06
2.507901e+05	3.373265e+06
2.507901e+05	3.373265e+06
2.507901e+05	3.373265e+06
2.507901e+05	3.373265e+06
2.507901e+05	3.373265e+06
2.507901e+05	3.373265e+06
2.507901e+05	3.373265e+06
2.507901e+05	3.373265e+06
2.507901e+05	3.373265e+06
2.507901e+05	3.373265e+06
2.507901e+05	3.373265e+06
2.507901e+05	3.373265e+06
2.507901e+05	3.373265e+06
2.507901e+05	3.373265e+06
2.507901e+05	3.373265e+06
2.507901e+05	3.373265e+06
2.507901e+05	3.373265e+06
2.507901e+05	3.373265e+06
2.507901e+05	3.373265e+06
2.507901e+05	3.373265e+06
2.507901e+05	3.373265e+06
2.507901e+05	3.373265e+06
2.507900e+05	3.373265e+06
2.507896e+05	3.373265e+06
2.507888e+05	3.373265e+06
2.507871e+05	3.373265e+06
2.507842e+05	3.373265e+06
2.507800e+05	3.373264e+06
2.507747e+05	3.373263e+06
2.507692e+05	3.373262e+06
2.507636e+05	3.373262e+06
2.507582e+05	3.373261e+06
2.507529e+05	3.373260e+06
2.507480e+05	3.373259e+06
2.507438e+05	3.373258e+06
2.507405e+05	3.373258e+06
2.507374e+05	3.373258e+06
2.507347e+05	3.373258e+06
2.507321e+05	3.373257e+06
2.507296e+05	3.373257e+06
2.507268e+05	3.373257e+06
2.507241e+05	3.373256e+06
2.507210e+05	3.373256e+06
2.507177e+05	3.373255e+06
2.507138e+05	3.373255e+06
2.507095e+05	3.373254e+06
2.507050e+05	3.373254e+06
2.507007e+05	3.373254e+06
2.506965e+05	3.373254e+06
2.506922e+05	3.373254e+06
2.506880e+05	3.373254e+06
2.506842e+05	3.373254e+06
2.506806e+05	3.373254e+06
2.506774e+05	3.373253e+06
2.506737e+05	3.373252e+06
2.506697e+05	3.373251e+06
2.506656e+05	3.373250e+06
2.506618e+05	3.373248e+06
2.506591e+05	3.373244e+06
2.506574e+05	3.373241e+06
2.506564e+05	3.373238e+06
2.506547e+05	3.373234e+06
2.506531e+05	3.373232e+06
2.506523e+05	3.373226e+06
2.506553e+05	3.373217e+06
2.506596e+05	3.373208e+06
2.506658e+05	3.373202e+06
2.506722e+05	3.373200e+06
2.506792e+05	3.373200e+06
2.506889e+05	3.373202e+06
2.506982e+05	3.373204e+06
2.507080e+05	3.373206e+06
2.507190e+05	3.373208e+06
2.507309e+05	3.373210e+06
2.507439e+05	3.373213e+06
2.507582e+05	3.373216e+06
2.507730e+05	3.373218e+06
2.507880e+05	3.373220e+06
2.508024e+05	3.373223e+06
2.508169e+05	3.373225e+06
2.508312e+05	3.373228e+06
2.508455e+05	3.373231e+06
2.508608e+05	3.373233e+06
2.508751e+05	3.373236e+06
2.508896e+05	3.373238e+06
2.509036e+05	3.373241e+06
2.509170e+05	3.373244e+06
2.509287e+05	3.373247e+06
2.509397e+05	3.373249e+06
2.509498e+05	3.373250e+06
2.509586e+05	3.373252e+06
2.509665e+05	3.373251e+06
2.509709e+05	3.373248e+06
2.509724e+05	3.373245e+06
2.509736e+05	3.373243e+06
2.509766e+05	3.373239e+06
2.509783e+05	3.373235e+06
2.509807e+05	3.373230e+06
2.509835e+05	3.373225e+06
2.509857e+05	3.373219e+06
2.509887e+05	3.373214e+06
2.509917e+05	3.373209e+06
2.509945e+05	3.373205e+06
2.509973e+05	3.373201e+06
2.510003e+05	3.373198e+06
2.510032e+05	3.373194e+06
2.510059e+05	3.373189e+06
2.510082e+05	3.373186e+06
2.510105e+05	3.373182e+06
2.510123e+05	3.373177e+06
2.510143e+05	3.373173e+06
2.510157e+05	3.373170e+06
2.510167e+05	3.373167e+06
2.510175e+05	3.373165e+06
2.510187e+05	3.373163e+06
2.510203e+05	3.373161e+06
2.510218e+05	3.373158e+06
2.510235e+05	3.373154e+06
2.510256e+05	3.373150e+06
2.510278e+05	3.373147e+06
2.510296e+05	3.373143e+06
2.510313e+05	3.373141e+06
2.510330e+05	3.373138e+06
2.510347e+05	3.373136e+06
2.510364e+05	3.373132e+06
2.510383e+05	3.373128e+06
2.510406e+05	3.373124e+06
2.510432e+05	3.373120e+06
2.510456e+05	3.373115e+06
2.510489e+05	3.373109e+06
2.510532e+05	3.373101e+06
2.510575e+05	3.373093e+06
2.510619e+05	3.373085e+06
2.510673e+05	3.373076e+06
2.510724e+05	3.373067e+06
2.510772e+05	3.373059e+06
2.510823e+05	3.373051e+06
2.510877e+05	3.373043e+06
2.510926e+05	3.373034e+06
2.510979e+05	3.373027e+06
2.511021e+05	3.373019e+06
2.511069e+05	3.373012e+06
2.511118e+05	3.373004e+06
2.511168e+05	3.372996e+06
2.511212e+05	3.372989e+06
2.511254e+05	3.372982e+06
2.511288e+05	3.372976e+06
2.511308e+05	3.372972e+06
2.511323e+05	3.372968e+06
2.511343e+05	3.372965e+06
2.511363e+05	3.372962e+06
2.511380e+05	3.372958e+06
2.511398e+05	3.372954e+06
2.511412e+05	3.372951e+06
2.511414e+05	3.372948e+06
2.511407e+05	3.372944e+06
2.511392e+05	3.372941e+06
2.511365e+05	3.372938e+06
2.511328e+05	3.372935e+06
2.511287e+05	3.372931e+06
2.511251e+05	3.372926e+06
2.511211e+05	3.372922e+06
2.511174e+05	3.372919e+06
2.511140e+05	3.372917e+06
2.511115e+05	3.372915e+06
2.511103e+05	3.372912e+06
2.511082e+05	3.372909e+06
2.511045e+05	3.372908e+06
2.511024e+05	3.372906e+06
2.511007e+05	3.372904e+06
2.510974e+05	3.372902e+06
2.510936e+05	3.372899e+06
2.510897e+05	3.372897e+06
2.510856e+05	3.372896e+06
2.510811e+05	3.372895e+06
2.510769e+05	3.372894e+06
2.510732e+05	3.372892e+06
2.510693e+05	3.372889e+06
2.510643e+05	3.372886e+06
2.510594e+05	3.372883e+06
2.510545e+05	3.372879e+06
2.510490e+05	3.372875e+06
2.510441e+05	3.372871e+06
2.510392e+05	3.372868e+06
2.510338e+05	3.372865e+06
2.510286e+05	3.372862e+06
2.510239e+05	3.372859e+06
2.510193e+05	3.372855e+06
2.510149e+05	3.372850e+06
2.510103e+05	3.372845e+06
2.510054e+05	3.372839e+06
2.510003e+05	3.372833e+06
2.509942e+05	3.372828e+06
2.509882e+05	3.372823e+06
2.509818e+05	3.372818e+06
2.509758e+05	3.372814e+06
2.509704e+05	3.372810e+06
2.509649e+05	3.372806e+06
2.509594e+05	3.372803e+06
2.509543e+05	3.372798e+06
2.509497e+05	3.372794e+06
2.509442e+05	3.372791e+06
2.509385e+05	3.372787e+06
2.509325e+05	3.372784e+06
2.509265e+05	3.372780e+06
2.509198e+05	3.372776e+06
2.509135e+05	3.372772e+06
2.509070e+05	3.372768e+06
2.509008e+05	3.372765e+06
2.508958e+05	3.372761e+06
2.508917e+05	3.372758e+06
2.508881e+05	3.372755e+06
2.508844e+05	3.372752e+06
2.508811e+05	3.372749e+06
2.508780e+05	3.372747e+06
2.508752e+05	3.372745e+06
2.508729e+05	3.372742e+06
2.508706e+05	3.372740e+06
2.508683e+05	3.372737e+06
2.508659e+05	3.372735e+06
2.508626e+05	3.372733e+06
2.508592e+05	3.372730e+06
2.508548e+05	3.372727e+06
2.508507e+05	3.372724e+06
2.508468e+05	3.372720e+06
2.508429e+05	3.372716e+06
2.508388e+05	3.372712e+06
2.508342e+05	3.372709e+06
2.508293e+05	3.372705e+06
2.508242e+05	3.372701e+06
2.508189e+05	3.372697e+06
2.508135e+05	3.372693e+06
2.508078e+05	3.372689e+06
2.508026e+05	3.372684e+06
2.507970e+05	3.372680e+06
2.507913e+05	3.372676e+06
2.507858e+05	3.372672e+06
2.507808e+05	3.372669e+06
2.507765e+05	3.372665e+06
2.507722e+05	3.372661e+06
2.507678e+05	3.372657e+06
2.507631e+05	3.372653e+06
2.507585e+05	3.372649e+06
2.507547e+05	3.372646e+06
2.507510e+05	3.372644e+06
2.507489e+05	3.372642e+06
2.507469e+05	3.372640e+06
2.507448e+05	3.372638e+06
2.507431e+05	3.372635e+06
2.507412e+05	3.372634e+06
2.507384e+05	3.372632e+06
2.507358e+05	3.372632e+06
2.507329e+05	3.372630e+06
2.507297e+05	3.372629e+06
2.507266e+05	3.372627e+06
2.507232e+05	3.372625e+06
2.507198e+05	3.372623e+06
2.507160e+05	3.372620e+06
2.507123e+05	3.372617e+06
2.507085e+05	3.372614e+06
2.507049e+05	3.372611e+06
2.507010e+05	3.372607e+06
2.506971e+05	3.372606e+06
2.506939e+05	3.372605e+06
2.506920e+05	3.372604e+06
2.506902e+05	3.372602e+06
2.506888e+05	3.372600e+06
2.506881e+05	3.372598e+06
2.506867e+05	3.372597e+06
2.506857e+05	3.372596e+06
2.506855e+05	3.372596e+06
2.506852e+05	3.372595e+06
2.506854e+05	3.372595e+06
2.506854e+05	3.372595e+06
2.506854e+05	3.372595e+06
2.506854e+05	3.372595e+06
2.506854e+05	3.372595e+06
2.506847e+05	3.372595e+06
2.506840e+05	3.372594e+06
2.506831e+05	3.372593e+06
2.506819e+05	3.372590e+06
2.506804e+05	3.372589e+06
2.506777e+05	3.372589e+06
2.506740e+05	3.372589e+06
2.506714e+05	3.372587e+06
2.506691e+05	3.372585e+06
2.506672e+05	3.372580e+06
2.506668e+05	3.372577e+06
2.506666e+05	3.372574e+06
2.506675e+05	3.372571e+06
2.506676e+05	3.372570e+06
2.506678e+05	3.372569e+06
2.506682e+05	3.372569e+06
2.506681e+05	3.372569e+06
2.506681e+05	3.372569e+06
2.506681e+05	3.372569e+06
2.506681e+05	3.372568e+06
2.506687e+05	3.372567e+06
2.506692e+05	3.372567e+06
2.506701e+05	3.372566e+06
2.506709e+05	3.372565e+06
2.506714e+05	3.372564e+06
2.506718e+05	3.372563e+06
2.506719e+05	3.372561e+06
2.506727e+05	3.372560e+06
2.506727e+05	3.372559e+06
2.506719e+05	3.372559e+06
2.506701e+05	3.372560e+06
2.506692e+05	3.372560e+06
2.506688e+05	3.372560e+06
2.506685e+05	3.372560e+06
2.506682e+05	3.372560e+06
2.506684e+05	3.372559e+06
2.506677e+05	3.372559e+06
2.506672e+05	3.372560e+06
2.506672e+05	3.372560e+06
2.506672e+05	3.372560e+06
2.506672e+05	3.372560e+06
2.506674e+05	3.372559e+06
2.506677e+05	3.372558e+06
2.506680e+05	3.372557e+06
2.506683e+05	3.372557e+06
2.506681e+05	3.372557e+06
2.506681e+05	3.372557e+06
2.506683e+05	3.372557e+06
2.506686e+05	3.372556e+06
2.506692e+05	3.372555e+06
2.506702e+05	3.372554e+06
2.506714e+05	3.372552e+06
2.506726e+05	3.372551e+06
2.506737e+05	3.372549e+06
2.506743e+05	3.372547e+06
2.506752e+05	3.372545e+06
2.506760e+05	3.372544e+06
2.506760e+05	3.372542e+06
2.506761e+05	3.372539e+06
2.506770e+05	3.372536e+06
2.506788e+05	3.372533e+06
2.506808e+05	3.372530e+06
2.506818e+05	3.372526e+06
2.506838e+05	3.372520e+06
2.506870e+05	3.372513e+06
2.506901e+05	3.372508e+06
2.506921e+05	3.372504e+06
2.506944e+05	3.372501e+06
2.506961e+05	3.372499e+06
2.506972e+05	3.372496e+06
2.506981e+05	3.372493e+06
2.506989e+05	3.372489e+06
2.506990e+05	3.372485e+06
2.506981e+05	3.372481e+06
2.506963e+05	3.372478e+06
2.506947e+05	3.372474e+06
2.506937e+05	3.372470e+06
2.506952e+05	3.372467e+06
2.506969e+05	3.372464e+06
2.506994e+05	3.372459e+06
2.507012e+05	3.372456e+06
2.507026e+05	3.372453e+06
2.507047e+05	3.372449e+06
2.507056e+05	3.372446e+06
2.507071e+05	3.372442e+06
2.507088e+05	3.372438e+06
2.507105e+05	3.372434e+06
2.507131e+05	3.372430e+06
2.507166e+05	3.372427e+06
2.507211e+05	3.372424e+06
2.507264e+05	3.372423e+06
2.507312e+05	3.372422e+06
2.507349e+05	3.372422e+06
2.507374e+05	3.372421e+06
2.507393e+05	3.372421e+06
2.507406e+05	3.372420e+06
2.507411e+05	3.372419e+06
2.507416e+05	3.372420e+06
2.507429e+05	3.372422e+06
2.507448e+05	3.372424e+06
2.507479e+05	3.372425e+06
2.507521e+05	3.372426e+06
2.507571e+05	3.372426e+06
2.507624e+05	3.372428e+06
2.507702e+05	3.372428e+06
2.507754e+05	3.372429e+06
2.507824e+05	3.372428e+06
2.507886e+05	3.372426e+06
2.507942e+05	3.372423e+06
2.507986e+05	3.372421e+06
2.508012e+05	3.372421e+06
2.508021e+05	3.372421e+06
2.508031e+05	3.372421e+06
2.508047e+05	3.372420e+06
2.508063e+05	3.372420e+06
2.508082e+05	3.372420e+06
2.508107e+05	3.372420e+06
2.508133e+05	3.372419e+06
2.508160e+05	3.372418e+06
2.508185e+05	3.372417e+06
2.508211e+05	3.372416e+06
2.508234e+05	3.372415e+06
2.508250e+05	3.372415e+06
2.508265e+05	3.372415e+06
2.508281e+05	3.372415e+06
2.508291e+05	3.372415e+06
2.508302e+05	3.372416e+06
2.508315e+05	3.372416e+06
2.508323e+05	3.372416e+06
2.508331e+05	3.372417e+06
2.508341e+05	3.372417e+06
2.508349e+05	3.372419e+06
2.508343e+05	3.372421e+06
2.508333e+05	3.372424e+06
2.508323e+05	3.372426e+06
2.508319e+05	3.372427e+06
2.508316e+05	3.372428e+06
2.508316e+05	3.372428e+06
2.508312e+05	3.372427e+06
2.508311e+05	3.372426e+06
2.508314e+05	3.372425e+06
2.508321e+05	3.372424e+06
2.508332e+05	3.372423e+06
2.508336e+05	3.372423e+06
2.508334e+05	3.372423e+06
2.508331e+05	3.372423e+06
2.508319e+05	3.372423e+06
2.508303e+05	3.372422e+06
2.508295e+05	3.372422e+06
2.508290e+05	3.372422e+06
2.508287e+05	3.372422e+06
2.508283e+05	3.372422e+06
2.508295e+05	3.372423e+06
2.508305e+05	3.372422e+06
2.508308e+05	3.372421e+06
2.508306e+05	3.372422e+06
2.508302e+05	3.372422e+06
2.508299e+05	3.372422e+06
2.508297e+05	3.372422e+06
2.508300e+05	3.372422e+06
2.508303e+05	3.372422e+06
2.508305e+05	3.372423e+06
2.508305e+05	3.372423e+06
2.508307e+05	3.372423e+06
2.508307e+05	3.372423e+06
2.508305e+05	3.372422e+06
2.508299e+05	3.372422e+06
2.508295e+05	3.372422e+06
2.508293e+05	3.372421e+06
2.508292e+05	3.372420e+06
2.508296e+05	3.372420e+06
2.508299e+05	3.372419e+06
2.508296e+05	3.372419e+06
2.508298e+05	3.372419e+06
2.508307e+05	3.372419e+06
2.508317e+05	3.372419e+06
2.508312e+05	3.372419e+06
2.508307e+05	3.372418e+06
2.508307e+05	3.372418e+06
2.508304e+05	3.372418e+06
2.508302e+05	3.372418e+06
2.508301e+05	3.372417e+06
2.508301e+05	3.372417e+06
2.508299e+05	3.372417e+06
2.508299e+05	3.372417e+06
2.508299e+05	3.372417e+06
2.508299e+05	3.372417e+06
2.508297e+05	3.372417e+06
2.508299e+05	3.372416e+06
2.508307e+05	3.372417e+06
2.508309e+05	3.372417e+06
2.508310e+05	3.372417e+06
2.508310e+05	3.372417e+06
2.508310e+05	3.372417e+06
2.508310e+05	3.372417e+06
2.508310e+05	3.372417e+06
2.508310e+05	3.372417e+06
2.508310e+05	3.372417e+06
2.508310e+05	3.372417e+06
2.508310e+05	3.372417e+06
2.508310e+05	3.372417e+06
2.508309e+05	3.372417e+06
2.508309e+05	3.372417e+06
2.508309e+05	3.372417e+06
2.508309e+05	3.372417e+06
2.508309e+05	3.372417e+06
2.508309e+05	3.372417e+06
2.508309e+05	3.372417e+06
2.508309e+05	3.372417e+06
2.508309e+05	3.372417e+06
2.508307e+05	3.372417e+06
2.508307e+05	3.372417e+06
2.508305e+05	3.372417e+06
2.508305e+05	3.372417e+06
2.508305e+05	3.372417e+06
2.508305e+05	3.372417e+06
2.508304e+05	3.372417e+06
2.508304e+05	3.372417e+06
2.508304e+05	3.372417e+06
2.508304e+05	3.372417e+06
2.508304e+05	3.372417e+06
2.508304e+05	3.372417e+06
2.508304e+05	3.372417e+06
2.508304e+05	3.372417e+06
2.508304e+05	3.372417e+06
2.508304e+05	3.372417e+06
2.508304e+05	3.372417e+06
2.508304e+05	3.372417e+06
2.508304e+05	3.372417e+06
2.508304e+05	3.372417e+06
2.508304e+05	3.372417e+06
2.508304e+05	3.372417e+06
2.508304e+05	3.372417e+06
2.508304e+05	3.372417e+06
2.508304e+05	3.372417e+06
2.508304e+05	3.372417e+06
2.508304e+05	3.372417e+06
2.508304e+05	3.372417e+06
2.508304e+05	3.372417e+06
2.508304e+05	3.372417e+06
2.508304e+05	3.372417e+06
2.508302e+05	3.372417e+06
2.508302e+05	3.372417e+06
2.508302e+05	3.372417e+06
2.508302e+05	3.372417e+06
2.508302e+05	3.372417e+06
2.508302e+05	3.372417e+06
2.508302e+05	3.372417e+06
2.508301e+05	3.372417e+06
2.508301e+05	3.372417e+06
2.508301e+05	3.372417e+06
2.508301e+05	3.372417e+06
2.508301e+05	3.372417e+06
2.508301e+05	3.372417e+06
2.508301e+05	3.372417e+06
2.508301e+05	3.372417e+06
2.508301e+05	3.372417e+06
2.508301e+05	3.372417e+06
2.508301e+05	3.372417e+06
2.508301e+05	3.372417e+06
2.508299e+05	3.372417e+06
2.508299e+05	3.372417e+06
2.508299e+05	3.372417e+06
2.508299e+05	3.372418e+06
2.508298e+05	3.372418e+06
2.508298e+05	3.372418e+06
2.508298e+05	3.372418e+06
2.508298e+05	3.372418e+06
2.508298e+05	3.372418e+06
2.508298e+05	3.372418e+06
2.508298e+05	3.372418e+06
2.508298e+05	3.372418e+06
2.508298e+05	3.372418e+06
2.508298e+05	3.372418e+06
2.508298e+05	3.372418e+06
2.508296e+05	3.372418e+06
2.508296e+05	3.372418e+06
2.508296e+05	3.372418e+06
2.508296e+05	3.372418e+06
2.508296e+05	3.372418e+06
2.508296e+05	3.372418e+06
2.508296e+05	3.372418e+06
2.508296e+05	3.372418e+06
2.508296e+05	3.372418e+06
2.508296e+05	3.372418e+06
2.508296e+05	3.372418e+06
2.508296e+05	3.372418e+06
2.508296e+05	3.372418e+06
2.508296e+05	3.372418e+06
2.508296e+05	3.372418e+06
2.508294e+05	3.372418e+06
2.508294e+05	3.372418e+06
2.508294e+05	3.372418e+06
2.508294e+05	3.372418e+06
2.508294e+05	3.372418e+06
2.508294e+05	3.372418e+06
2.508294e+05	3.372418e+06
2.508294e+05	3.372418e+06
2.508294e+05	3.372418e+06
2.508294e+05	3.372418e+06
2.508294e+05	3.372418e+06
2.508294e+05	3.372418e+06
2.508294e+05	3.372418e+06
2.508294e+05	3.372418e+06
